1
126 126
335 501 170 725 479 359 963 465 706 146 282 828 962 492 996 943 828 437 392 605 903 154 293 383 422 717 719 896 448 727 772 539 870 913 668 300 36 895 704 812 323 334 335 501 170 725 479 359 963 465 706 146 282 828 962 492 996 943 828 437 392 605 903 154 293 383 422 717 719 896 448 727 772 539 870 913 668 300 36 895 704 812 323 334 335 501 170 725 479 359 963 465 706 146 282 828 962 492 996 943 828 437 392 605 903 154 293 383 422 717 719 896 448 727 772 539 870 913 668 300 36 895 704 812 323 334

126 10
335 501 170 725 479 359 963 465 706 146 282 828 962 492 996 943 828 437 392 605 903 154 293 383 422 717 719 896 448 727 772 539 870 913 668 300 36 895 704 812 323 334 335 501 170 725 479 359 963 465 706 146 282 828 962 492 996 943 828 437 392 605 903 154 293 383 422 717 719 896 448 727 772 539 870 913 668 300 36 895 704 812 323 334 335 501 170 725 479 359 963 465 706 146 282 828 962 492 996 943 828 437 392 605 903 154 293 383 422 717 719 896 448 727 772 539 870 913 668 300 36 895 704 812 323 334

5 2
12 5 787 1 23
42 1
335 501 170 725 479 359 963 465 706 146 282 828 962 492 996 943 828 437 392 605 903 154 293 383 422 717 719 896 448 727 772 539 870 913 668 300 36 895 704 812 323 334
42 42
335 501 170 725 479 359 963 465 706 146 282 828 962 492 996 943 828 437 392 605 903 154 293 383 422 717 719 896 448 727 772 539 870 913 668 300 36 895 704 812 323 334
7 3
1 23 12 9 30 2 50