10000
-32756
-32756
-32755
-32752
-32749
-32746
-32745
-32736
-32730
-32727
-32723
-32714
-32713
-32709
-32692
-32663
-32661
-32660
-32626
-32623
-32617
-32611
-32611
-32609
-32596
-32592
-32584
-32578
-32573
-32566
-32560
-32558
-32556
-32555
-32546
-32540
-32536
-32531
-32526
-32519
-32512
-32511
-32506
-32502
-32479
-32469
-32458
-32451
-32451
-32448
-32433
-32406
-32404
-32401
-32395
-32390
-32361
-32339
-32334
-32331
-32328
-32321
-32319
-32316
-32314
-32300
-32297
-32289
-32282
-32279
-32279
-32276
-32274
-32271
-32263
-32259
-32252
-32246
-32240
-32236
-32215
-32213
-32197
-32168
-32159
-32155
-32151
-32148
-32145
-32136
-32131
-32126
-32120
-32117
-32115
-32112
-32111
-32110
-32103
-32094
-32087
-32076
-32074
-32072
-32066
-32065
-32049
-32046
-32044
-32038
-32036
-32034
-32028
-32027
-32002
-31997
-31977
-31974
-31971
-31956
-31955
-31954
-31952
-31945
-31944
-31942
-31936
-31934
-31932
-31921
-31902
-31895
-31893
-31888
-31886
-31873
-31863
-31858
-31849
-31843
-31840
-31836
-31826
-31823
-31821
-31821
-31818
-31811
-31802
-31794
-31782
-31780
-31776
-31770
-31764
-31758
-31755
-31751
-31742
-31741
-31735
-31730
-31729
-31724
-31718
-31707
-31704
-31701
-31700
-31696
-31686
-31686
-31683
-31672
-31670
-31669
-31657
-31653
-31650
-31640
-31632
-31629
-31623
-31616
-31610
-31604
-31591
-31587
-31584
-31583
-31583
-31580
-31578
-31577
-31574
-31556
-31555
-31547
-31543
-31540
-31534
-31532
-31521
-31517
-31517
-31516
-31512
-31502
-31486
-31484
-31482
-31482
-31477
-31476
-31469
-31464
-31459
-31454
-31454
-31453
-31446
-31434
-31432
-31430
-31411
-31401
-31400
-31397
-31397
-31386
-31383
-31381
-31363
-31351
-31346
-31335
-31323
-31307
-31302
-31296
-31288
-31279
-31266
-31252
-31250
-31243
-31242
-31239
-31233
-31231
-31230
-31226
-31215
-31213
-31208
-31205
-31185
-31181
-31164
-31155
-31133
-31129
-31127
-31121
-31121
-31119
-31118
-31107
-31106
-31103
-31102
-31099
-31098
-31096
-31094
-31093
-31091
-31077
-31070
-31062
-31058
-31052
-31050
-31039
-31034
-31033
-31030
-31020
-31008
-31005
-30990
-30966
-30961
-30958
-30953
-30953
-30952
-30939
-30936
-30908
-30905
-30894
-30889
-30888
-30885
-30869
-30865
-30862
-30858
-30846
-30830
-30828
-30826
-30815
-30800
-30794
-30794
-30789
-30774
-30774
-30768
-30767
-30762
-30755
-30753
-30752
-30732
-30731
-30730
-30726
-30719
-30717
-30714
-30709
-30697
-30689
-30685
-30670
-30668
-30668
-30660
-30660
-30648
-30620
-30602
-30601
-30595
-30592
-30591
-30588
-30580
-30575
-30564
-30563
-30562
-30542
-30540
-30533
-30528
-30527
-30512
-30507
-30506
-30500
-30496
-30483
-30478
-30477
-30476
-30461
-30457
-30455
-30444
-30443
-30439
-30435
-30430
-30419
-30409
-30379
-30371
-30357
-30348
-30347
-30346
-30343
-30306
-30304
-30304
-30303
-30301
-30299
-30290
-30277
-30268
-30266
-30265
-30253
-30249
-30245
-30243
-30240
-30240
-30230
-30227
-30224
-30223
-30222
-30219
-30216
-30185
-30175
-30171
-30150
-30135
-30135
-30119
-30113
-30111
-30105
-30098
-30093
-30092
-30089
-30080
-30076
-30058
-30052
-30051
-30048
-30047
-30046
-30040
-30017
-30009
-29999
-29982
-29971
-29971
-29965
-29961
-29955
-29954
-29949
-29931
-29930
-29925
-29924
-29921
-29918
-29912
-29911
-29899
-29892
-29883
-29870
-29847
-29844
-29844
-29842
-29842
-29838
-29833
-29832
-29806
-29800
-29798
-29796
-29778
-29776
-29772
-29768
-29756
-29754
-29748
-29743
-29741
-29729
-29728
-29726
-29718
-29715
-29702
-29679
-29676
-29672
-29663
-29654
-29644
-29637
-29631
-29608
-29602
-29601
-29601
-29573
-29559
-29554
-29539
-29536
-29530
-29529
-29508
-29497
-29496
-29494
-29494
-29491
-29489
-29480
-29456
-29440
-29432
-29393
-29386
-29385
-29381
-29374
-29373
-29369
-29367
-29359
-29350
-29349
-29343
-29337
-29329
-29325
-29322
-29313
-29305
-29293
-29290
-29284
-29277
-29274
-29260
-29243
-29235
-29231
-29214
-29207
-29206
-29188
-29185
-29170
-29162
-29150
-29147
-29142
-29137
-29136
-29131
-29130
-29130
-29123
-29121
-29111
-29107
-29106
-29074
-29070
-29053
-29046
-29039
-29030
-29027
-29023
-29020
-29004
-28995
-28992
-28988
-28979
-28970
-28968
-28968
-28962
-28960
-28960
-28946
-28939
-28935
-28929
-28928
-28922
-28915
-28904
-28904
-28902
-28894
-28883
-28882
-28878
-28864
-28856
-28842
-28840
-28838
-28837
-28833
-28825
-28825
-28823
-28821
-28820
-28819
-28799
-28796
-28791
-28787
-28783
-28780
-28779
-28755
-28748
-28743
-28736
-28734
-28731
-28723
-28722
-28721
-28720
-28714
-28693
-28690
-28673
-28670
-28657
-28653
-28647
-28646
-28645
-28642
-28636
-28633
-28633
-28612
-28611
-28610
-28608
-28608
-28608
-28597
-28589
-28587
-28584
-28574
-28572
-28541
-28532
-28528
-28528
-28527
-28526
-28512
-28509
-28498
-28495
-28493
-28491
-28491
-28482
-28478
-28467
-28463
-28463
-28452
-28446
-28443
-28438
-28425
-28421
-28420
-28420
-28417
-28403
-28403
-28391
-28388
-28387
-28386
-28377
-28377
-28375
-28375
-28372
-28367
-28355
-28353
-28344
-28341
-28339
-28333
-28332
-28327
-28317
-28317
-28316
-28306
-28304
-28296
-28281
-28279
-28271
-28266
-28264
-28262
-28260
-28257
-28255
-28236
-28223
-28216
-28214
-28213
-28209
-28207
-28206
-28204
-28199
-28197
-28195
-28195
-28190
-28184
-28181
-28180
-28161
-28156
-28154
-28143
-28142
-28137
-28136
-28131
-28127
-28125
-28122
-28115
-28110
-28109
-28104
-28098
-28098
-28074
-28072
-28071
-28062
-28047
-28045
-28039
-28033
-28029
-28012
-28008
-28004
-27998
-27993
-27992
-27984
-27962
-27949
-27941
-27925
-27917
-27916
-27916
-27915
-27914
-27911
-27903
-27903
-27899
-27899
-27889
-27874
-27865
-27865
-27864
-27853
-27850
-27843
-27836
-27834
-27829
-27813
-27806
-27786
-27782
-27781
-27778
-27778
-27778
-27777
-27773
-27754
-27752
-27745
-27742
-27731
-27726
-27724
-27712
-27698
-27695
-27666
-27660
-27659
-27640
-27639
-27634
-27627
-27617
-27607
-27606
-27597
-27583
-27582
-27582
-27577
-27576
-27575
-27574
-27555
-27542
-27539
-27539
-27538
-27533
-27532
-27522
-27522
-27519
-27507
-27493
-27489
-27488
-27464
-27455
-27450
-27435
-27426
-27423
-27417
-27416
-27398
-27384
-27381
-27376
-27375
-27366
-27362
-27361
-27355
-27346
-27346
-27345
-27338
-27337
-27334
-27332
-27304
-27303
-27293
-27288
-27280
-27276
-27247
-27239
-27225
-27222
-27218
-27216
-27201
-27195
-27188
-27187
-27181
-27164
-27143
-27142
-27130
-27122
-27118
-27106
-27104
-27101
-27101
-27094
-27088
-27085
-27083
-27082
-27078
-27073
-27072
-27070
-27047
-27044
-27043
-27035
-27031
-27026
-27017
-27013
-27011
-27008
-27002
-27001
-26990
-26990
-26987
-26979
-26962
-26959
-26956
-26950
-26948
-26944
-26935
-26932
-26929
-26921
-26920
-26916
-26906
-26904
-26899
-26870
-26867
-26858
-26853
-26851
-26850
-26849
-26830
-26817
-26806
-26803
-26801
-26798
-26788
-26783
-26777
-26775
-26774
-26769
-26756
-26753
-26752
-26748
-26741
-26733
-26733
-26727
-26722
-26718
-26716
-26716
-26694
-26693
-26692
-26683
-26680
-26674
-26671
-26670
-26667
-26649
-26645
-26639
-26632
-26631
-26629
-26616
-26608
-26605
-26597
-26592
-26582
-26577
-26574
-26563
-26557
-26550
-26550
-26545
-26539
-26533
-26531
-26529
-26519
-26515
-26508
-26506
-26499
-26498
-26497
-26457
-26453
-26450
-26447
-26447
-26437
-26420
-26415
-26397
-26395
-26365
-26353
-26353
-26344
-26318
-26317
-26311
-26288
-26281
-26276
-26271
-26261
-26259
-26259
-26257
-26237
-26234
-26219
-26218
-26211
-26196
-26193
-26181
-26180
-26179
-26156
-26150
-26124
-26120
-26111
-26107
-26092
-26083
-26081
-26073
-26066
-26056
-26053
-26048
-26043
-26038
-26025
-26003
-25999
-25999
-25987
-25984
-25976
-25957
-25948
-25942
-25939
-25935
-25935
-25932
-25929
-25928
-25892
-25890
-25888
-25883
-25864
-25854
-25851
-25850
-25837
-25836
-25833
-25827
-25816
-25770
-25756
-25732
-25728
-25726
-25724
-25720
-25719
-25717
-25715
-25715
-25712
-25694
-25690
-25689
-25683
-25677
-25676
-25674
-25645
-25644
-25634
-25620
-25615
-25605
-25593
-25579
-25577
-25575
-25575
-25574
-25570
-25565
-25563
-25560
-25557
-25545
-25542
-25537
-25526
-25525
-25506
-25504
-25504
-25484
-25477
-25471
-25459
-25458
-25433
-25431
-25429
-25412
-25401
-25397
-25394
-25386
-25386
-25377
-25376
-25372
-25372
-25363
-25342
-25341
-25340
-25339
-25338
-25325
-25325
-25316
-25307
-25284
-25280
-25275
-25274
-25271
-25265
-25262
-25260
-25256
-25236
-25229
-25219
-25217
-25198
-25188
-25186
-25177
-25174
-25147
-25131
-25129
-25120
-25113
-25109
-25107
-25103
-25094
-25091
-25086
-25082
-25081
-25062
-25061
-25058
-25056
-25054
-25052
-25049
-25040
-25039
-25030
-25027
-25018
-25010
-25007
-25005
-24992
-24990
-24985
-24972
-24969
-24928
-24922
-24922
-24913
-24912
-24908
-24905
-24902
-24885
-24873
-24869
-24856
-24854
-24846
-24839
-24832
-24832
-24828
-24825
-24821
-24818
-24806
-24806
-24805
-24804
-24800
-24780
-24764
-24757
-24733
-24723
-24722
-24717
-24717
-24711
-24698
-24692
-24690
-24687
-24683
-24683
-24683
-24681
-24674
-24662
-24660
-24653
-24645
-24633
-24627
-24627
-24624
-24623
-24621
-24618
-24616
-24614
-24608
-24601
-24569
-24559
-24545
-24539
-24500
-24498
-24489
-24487
-24486
-24483
-24476
-24476
-24469
-24464
-24463
-24463
-24460
-24451
-24449
-24446
-24446
-24433
-24418
-24402
-24394
-24387
-24385
-24384
-24381
-24377
-24371
-24370
-24363
-24362
-24357
-24355
-24348
-24341
-24339
-24328
-24323
-24314
-24303
-24300
-24299
-24287
-24282
-24274
-24268
-24250
-24245
-24245
-24244
-24243
-24232
-24210
-24207
-24199
-24184
-24181
-24177
-24176
-24172
-24169
-24169
-24166
-24148
-24145
-24141
-24134
-24124
-24102
-24100
-24084
-24084
-24081
-24073
-24060
-24059
-24058
-24056
-24056
-24045
-24042
-24038
-24018
-24016
-24003
-23998
-23989
-23979
-23977
-23968
-23964
-23945
-23941
-23939
-23935
-23929
-23919
-23909
-23892
-23891
-23889
-23886
-23880
-23865
-23854
-23849
-23835
-23832
-23829
-23806
-23799
-23798
-23797
-23795
-23793
-23792
-23792
-23788
-23787
-23785
-23775
-23773
-23771
-23752
-23750
-23739
-23735
-23719
-23718
-23709
-23707
-23701
-23676
-23664
-23663
-23656
-23656
-23647
-23646
-23636
-23619
-23618
-23612
-23609
-23599
-23597
-23575
-23574
-23574
-23573
-23567
-23563
-23553
-23547
-23533
-23493
-23487
-23486
-23480
-23475
-23452
-23445
-23429
-23427
-23425
-23424
-23414
-23402
-23392
-23380
-23379
-23366
-23365
-23351
-23350
-23349
-23340
-23336
-23331
-23319
-23308
-23304
-23290
-23290
-23282
-23271
-23263
-23256
-23255
-23253
-23252
-23221
-23220
-23216
-23215
-23213
-23211
-23207
-23191
-23189
-23187
-23174
-23171
-23169
-23168
-23168
-23165
-23158
-23154
-23143
-23142
-23135
-23132
-23128
-23128
-23121
-23117
-23115
-23112
-23111
-23098
-23096
-23087
-23082
-23076
-23071
-23067
-23061
-23057
-23050
-23047
-23037
-23030
-23019
-23016
-23010
-23002
-22994
-22991
-22986
-22978
-22977
-22974
-22956
-22942
-22941
-22931
-22930
-22919
-22917
-22904
-22902
-22890
-22856
-22846
-22844
-22839
-22835
-22830
-22827
-22810
-22807
-22805
-22802
-22797
-22795
-22781
-22778
-22778
-22775
-22763
-22760
-22755
-22751
-22749
-22748
-22745
-22732
-22723
-22709
-22700
-22697
-22695
-22681
-22680
-22677
-22675
-22675
-22660
-22652
-22652
-22640
-22631
-22626
-22610
-22608
-22608
-22604
-22599
-22583
-22578
-22559
-22558
-22556
-22553
-22528
-22527
-22526
-22520
-22515
-22499
-22497
-22496
-22482
-22474
-22473
-22471
-22463
-22458
-22455
-22452
-22449
-22438
-22436
-22435
-22422
-22421
-22418
-22414
-22412
-22410
-22409
-22404
-22389
-22385
-22384
-22378
-22376
-22370
-22367
-22364
-22360
-22357
-22350
-22345
-22343
-22340
-22339
-22335
-22317
-22301
-22294
-22287
-22287
-22285
-22277
-22276
-22272
-22269
-22263
-22260
-22259
-22256
-22253
-22243
-22227
-22203
-22194
-22189
-22183
-22177
-22175
-22166
-22151
-22146
-22146
-22129
-22118
-22117
-22104
-22101
-22097
-22094
-22094
-22087
-22083
-22081
-22080
-22080
-22078
-22073
-22071
-22070
-22069
-22068
-22066
-22064
-22062
-22054
-22054
-22053
-22051
-22051
-22048
-22048
-22028
-22023
-22008
-21998
-21996
-21990
-21983
-21982
-21974
-21968
-21966
-21964
-21956
-21954
-21927
-21925
-21916
-21916
-21904
-21895
-21894
-21893
-21889
-21868
-21867
-21861
-21861
-21844
-21841
-21838
-21830
-21820
-21796
-21790
-21787
-21778
-21753
-21743
-21736
-21734
-21732
-21722
-21719
-21716
-21710
-21668
-21656
-21656
-21655
-21653
-21637
-21627
-21624
-21623
-21617
-21607
-21598
-21594
-21593
-21592
-21588
-21581
-21553
-21550
-21550
-21546
-21539
-21527
-21523
-21521
-21516
-21514
-21500
-21495
-21490
-21484
-21480
-21468
-21460
-21452
-21452
-21450
-21447
-21435
-21430
-21423
-21413
-21390
-21376
-21363
-21358
-21357
-21352
-21351
-21340
-21338
-21334
-21323
-21313
-21301
-21294
-21292
-21272
-21266
-21258
-21255
-21249
-21244
-21233
-21226
-21226
-21218
-21212
-21197
-21187
-21187
-21184
-21174
-21159
-21151
-21151
-21150
-21140
-21138
-21097
-21093
-21087
-21085
-21078
-21068
-21059
-21052
-21050
-21045
-21044
-21039
-21027
-21027
-21018
-21011
-21000
-20997
-20991
-20989
-20974
-20968
-20967
-20963
-20954
-20953
-20949
-20944
-20942
-20918
-20914
-20913
-20900
-20896
-20888
-20886
-20866
-20860
-20840
-20828
-20826
-20824
-20820
-20799
-20794
-20793
-20792
-20791
-20791
-20784
-20773
-20767
-20756
-20749
-20746
-20744
-20743
-20742
-20731
-20726
-20726
-20722
-20721
-20720
-20701
-20700
-20691
-20687
-20677
-20676
-20676
-20671
-20664
-20663
-20657
-20654
-20647
-20631
-20629
-20616
-20613
-20596
-20595
-20572
-20571
-20571
-20571
-20562
-20556
-20530
-20520
-20508
-20507
-20499
-20492
-20471
-20469
-20466
-20460
-20448
-20448
-20423
-20420
-20416
-20414
-20406
-20396
-20396
-20392
-20391
-20374
-20373
-20369
-20355
-20353
-20338
-20338
-20328
-20322
-20321
-20314
-20310
-20309
-20303
-20295
-20288
-20278
-20275
-20273
-20261
-20254
-20248
-20241
-20233
-20227
-20226
-20217
-20215
-20198
-20197
-20192
-20191
-20190
-20188
-20185
-20184
-20179
-20176
-20175
-20167
-20164
-20157
-20155
-20148
-20146
-20136
-20130
-20130
-20129
-20124
-20110
-20100
-20093
-20092
-20087
-20083
-20081
-20080
-20077
-20065
-20038
-20035
-20033
-20032
-20030
-20022
-20020
-20014
-20008
-20007
-19993
-19992
-19989
-19982
-19981
-19975
-19967
-19967
-19961
-19956
-19953
-19948
-19937
-19921
-19916
-19914
-19906
-19904
-19902
-19899
-19899
-19886
-19885
-19879
-19866
-19855
-19842
-19823
-19817
-19816
-19812
-19809
-19800
-19776
-19776
-19774
-19764
-19762
-19750
-19724
-19708
-19704
-19686
-19680
-19676
-19662
-19662
-19659
-19657
-19645
-19640
-19635
-19627
-19612
-19606
-19599
-19598
-19591
-19591
-19589
-19550
-19548
-19545
-19529
-19525
-19520
-19514
-19506
-19497
-19491
-19491
-19483
-19480
-19470
-19460
-19458
-19455
-19442
-19430
-19425
-19417
-19395
-19395
-19383
-19380
-19371
-19365
-19363
-19360
-19360
-19358
-19355
-19341
-19340
-19337
-19320
-19298
-19295
-19289
-19288
-19285
-19280
-19277
-19276
-19276
-19268
-19266
-19258
-19256
-19255
-19238
-19235
-19226
-19221
-19219
-19217
-19215
-19208
-19195
-19181
-19163
-19162
-19161
-19155
-19154
-19148
-19139
-19128
-19123
-19109
-19109
-19104
-19084
-19073
-19064
-19059
-19052
-19035
-19034
-19021
-18995
-18991
-18989
-18986
-18981
-18981
-18977
-18960
-18958
-18947
-18938
-18938
-18932
-18930
-18905
-18900
-18899
-18895
-18888
-18887
-18884
-18883
-18881
-18868
-18857
-18857
-18846
-18841
-18841
-18834
-18813
-18801
-18793
-18793
-18785
-18766
-18763
-18760
-18758
-18757
-18742
-18718
-18715
-18709
-18709
-18709
-18706
-18686
-18681
-18677
-18677
-18659
-18648
-18643
-18636
-18636
-18632
-18627
-18624
-18621
-18617
-18615
-18614
-18605
-18599
-18595
-18586
-18545
-18538
-18534
-18498
-18496
-18488
-18485
-18478
-18475
-18473
-18465
-18462
-18445
-18414
-18413
-18409
-18401
-18401
-18373
-18373
-18347
-18347
-18341
-18341
-18341
-18339
-18326
-18318
-18312
-18312
-18310
-18308
-18307
-18290
-18284
-18279
-18270
-18265
-18257
-18245
-18233
-18225
-18208
-18203
-18198
-18196
-18193
-18191
-18181
-18177
-18176
-18175
-18163
-18159
-18147
-18143
-18139
-18139
-18134
-18131
-18118
-18104
-18103
-18085
-18078
-18075
-18052
-18048
-18042
-18041
-18037
-17974
-17949
-17944
-17941
-17938
-17935
-17925
-17922
-17912
-17909
-17905
-17902
-17879
-17875
-17862
-17858
-17849
-17840
-17835
-17826
-17819
-17818
-17814
-17811
-17807
-17805
-17803
-17801
-17796
-17793
-17792
-17787
-17784
-17783
-17782
-17781
-17780
-17779
-17774
-17772
-17770
-17757
-17754
-17750
-17734
-17731
-17698
-17698
-17693
-17691
-17683
-17675
-17661
-17660
-17659
-17655
-17654
-17651
-17632
-17631
-17625
-17624
-17614
-17600
-17600
-17588
-17566
-17562
-17560
-17548
-17547
-17544
-17542
-17542
-17526
-17521
-17514
-17498
-17497
-17496
-17496
-17489
-17484
-17472
-17472
-17470
-17466
-17464
-17458
-17448
-17446
-17442
-17442
-17427
-17418
-17414
-17410
-17406
-17389
-17382
-17370
-17368
-17361
-17357
-17356
-17353
-17350
-17347
-17345
-17344
-17341
-17331
-17324
-17322
-17313
-17312
-17305
-17301
-17293
-17288
-17277
-17276
-17266
-17265
-17257
-17245
-17233
-17216
-17214
-17212
-17211
-17197
-17197
-17193
-17189
-17189
-17183
-17182
-17181
-17179
-17160
-17136
-17134
-17127
-17098
-17093
-17092
-17089
-17086
-17081
-17075
-17070
-17057
-17056
-17054
-17045
-17036
-17035
-17029
-17021
-17006
-16996
-16993
-16989
-16989
-16988
-16987
-16986
-16979
-16977
-16976
-16960
-16958
-16955
-16954
-16954
-16950
-16942
-16932
-16927
-16908
-16901
-16889
-16887
-16884
-16875
-16862
-16839
-16832
-16829
-16819
-16814
-16810
-16799
-16794
-16778
-16776
-16774
-16772
-16768
-16766
-16761
-16739
-16733
-16729
-16729
-16727
-16726
-16704
-16700
-16697
-16696
-16694
-16691
-16691
-16691
-16689
-16685
-16682
-16676
-16669
-16667
-16658
-16655
-16653
-16651
-16645
-16638
-16613
-16605
-16601
-16600
-16599
-16597
-16596
-16594
-16592
-16582
-16577
-16576
-16541
-16539
-16535
-16534
-16534
-16517
-16501
-16501
-16495
-16492
-16488
-16474
-16471
-16466
-16435
-16434
-16428
-16427
-16422
-16422
-16405
-16386
-16371
-16367
-16367
-16362
-16357
-16354
-16352
-16344
-16335
-16335
-16320
-16307
-16303
-16278
-16277
-16259
-16254
-16248
-16241
-16240
-16236
-16231
-16229
-16228
-16221
-16219
-16218
-16193
-16188
-16188
-16182
-16155
-16154
-16150
-16146
-16136
-16119
-16110
-16096
-16091
-16079
-16076
-16074
-16073
-16065
-16057
-16057
-16056
-16047
-16038
-16036
-16035
-16035
-16033
-16027
-16024
-16024
-16005
-15987
-15983
-15983
-15971
-15957
-15954
-15944
-15944
-15935
-15933
-15928
-15901
-15895
-15891
-15890
-15890
-15883
-15881
-15879
-15875
-15869
-15865
-15840
-15833
-15833
-15821
-15814
-15812
-15808
-15794
-15794
-15774
-15771
-15768
-15766
-15753
-15749
-15734
-15724
-15715
-15711
-15701
-15691
-15683
-15681
-15676
-15665
-15664
-15660
-15656
-15653
-15653
-15652
-15648
-15646
-15637
-15635
-15632
-15630
-15622
-15611
-15603
-15583
-15574
-15567
-15558
-15558
-15555
-15550
-15543
-15540
-15538
-15538
-15538
-15537
-15535
-15509
-15507
-15504
-15497
-15494
-15486
-15481
-15479
-15474
-15470
-15464
-15461
-15460
-15457
-15455
-15455
-15451
-15443
-15424
-15417
-15416
-15412
-15408
-15387
-15376
-15374
-15344
-15338
-15332
-15317
-15313
-15310
-15303
-15299
-15288
-15270
-15242
-15232
-15229
-15227
-15212
-15210
-15207
-15204
-15198
-15189
-15188
-15182
-15174
-15173
-15172
-15171
-15150
-15149
-15143
-15140
-15134
-15134
-15130
-15121
-15117
-15107
-15105
-15096
-15090
-15088
-15085
-15083
-15079
-15067
-15058
-15053
-15051
-15049
-15049
-15048
-15042
-15036
-15032
-15015
-15013
-15009
-15001
-14983
-14976
-14965
-14956
-14953
-14951
-14949
-14944
-14933
-14909
-14901
-14897
-14888
-14885
-14875
-14867
-14862
-14859
-14859
-14858
-14855
-14853
-14852
-14846
-14838
-14837
-14824
-14817
-14816
-14814
-14814
-14806
-14806
-14791
-14782
-14774
-14773
-14766
-14756
-14748
-14747
-14733
-14727
-14722
-14716
-14692
-14692
-14692
-14687
-14678
-14674
-14667
-14667
-14666
-14661
-14654
-14648
-14646
-14645
-14637
-14635
-14634
-14630
-14622
-14618
-14614
-14606
-14606
-14585
-14579
-14577
-14566
-14548
-14544
-14532
-14531
-14521
-14521
-14519
-14514
-14507
-14505
-14502
-14502
-14478
-14451
-14435
-14434
-14429
-14425
-14424
-14422
-14417
-14409
-14398
-14395
-14392
-14379
-14375
-14366
-14361
-14358
-14348
-14342
-14334
-14333
-14318
-14314
-14303
-14298
-14298
-14295
-14291
-14281
-14265
-14264
-14264
-14253
-14241
-14240
-14233
-14221
-14218
-14217
-14215
-14211
-14209
-14203
-14197
-14192
-14188
-14186
-14168
-14167
-14164
-14161
-14159
-14157
-14153
-14149
-14141
-14124
-14117
-14107
-14099
-14097
-14075
-14075
-14069
-14069
-14065
-14058
-14046
-14043
-14042
-14040
-14037
-14033
-14028
-14021
-14009
-14003
-13994
-13988
-13985
-13983
-13978
-13973
-13970
-13963
-13961
-13957
-13943
-13940
-13928
-13917
-13917
-13910
-13903
-13901
-13900
-13899
-13887
-13880
-13879
-13877
-13861
-13841
-13839
-13834
-13821
-13812
-13806
-13800
-13788
-13785
-13765
-13758
-13750
-13748
-13745
-13742
-13739
-13732
-13731
-13731
-13710
-13695
-13690
-13689
-13689
-13657
-13654
-13646
-13645
-13628
-13621
-13621
-13615
-13613
-13609
-13602
-13601
-13594
-13592
-13589
-13589
-13580
-13576
-13571
-13565
-13560
-13550
-13547
-13536
-13534
-13525
-13519
-13516
-13500
-13499
-13498
-13494
-13487
-13487
-13478
-13477
-13474
-13455
-13448
-13441
-13434
-13433
-13427
-13418
-13413
-13411
-13402
-13396
-13382
-13370
-13364
-13355
-13355
-13350
-13346
-13343
-13338
-13338
-13316
-13316
-13306
-13299
-13284
-13265
-13254
-13250
-13213
-13212
-13211
-13203
-13202
-13191
-13191
-13191
-13187
-13183
-13182
-13181
-13178
-13170
-13166
-13160
-13159
-13159
-13157
-13151
-13138
-13137
-13134
-13131
-13129
-13123
-13123
-13120
-13113
-13111
-13103
-13102
-13096
-13094
-13093
-13089
-13086
-13084
-13075
-13069
-13059
-13058
-13058
-13051
-13043
-13039
-13038
-13038
-13035
-13027
-13009
-13004
-12997
-12980
-12971
-12961
-12946
-12946
-12941
-12936
-12933
-12925
-12880
-12879
-12877
-12875
-12870
-12864
-12861
-12861
-12846
-12840
-12838
-12837
-12831
-12829
-12803
-12801
-12797
-12780
-12777
-12775
-12775
-12774
-12757
-12739
-12736
-12732
-12726
-12724
-12703
-12701
-12697
-12697
-12677
-12675
-12672
-12671
-12663
-12657
-12657
-12651
-12649
-12646
-12629
-12628
-12627
-12626
-12626
-12623
-12617
-12616
-12603
-12602
-12598
-12596
-12591
-12587
-12579
-12579
-12564
-12557
-12554
-12544
-12514
-12512
-12499
-12496
-12495
-12488
-12475
-12471
-12470
-12463
-12461
-12461
-12440
-12434
-12430
-12428
-12424
-12419
-12413
-12411
-12409
-12405
-12400
-12399
-12399
-12370
-12363
-12355
-12351
-12344
-12341
-12336
-12334
-12333
-12330
-12327
-12313
-12305
-12296
-12289
-12288
-12287
-12280
-12265
-12264
-12242
-12242
-12242
-12241
-12236
-12236
-12235
-12235
-12227
-12217
-12212
-12209
-12209
-12200
-12199
-12193
-12183
-12181
-12177
-12175
-12167
-12162
-12160
-12146
-12138
-12137
-12132
-12131
-12126
-12123
-12116
-12112
-12102
-12102
-12099
-12039
-12038
-12027
-12022
-12019
-12004
-11997
-11986
-11982
-11966
-11964
-11957
-11952
-11949
-11948
-11945
-11944
-11931
-11925
-11923
-11911
-11904
-11900
-11894
-11889
-11882
-11878
-11877
-11873
-11871
-11867
-11862
-11845
-11843
-11830
-11828
-11823
-11818
-11804
-11785
-11780
-11777
-11745
-11736
-11727
-11719
-11711
-11705
-11692
-11680
-11678
-11675
-11655
-11651
-11646
-11622
-11622
-11620
-11618
-11611
-11586
-11576
-11573
-11566
-11562
-11560
-11546
-11546
-11542
-11536
-11534
-11525
-11524
-11517
-11510
-11503
-11498
-11496
-11484
-11479
-11479
-11475
-11467
-11460
-11456
-11425
-11423
-11420
-11412
-11381
-11371
-11357
-11344
-11343
-11330
-11329
-11326
-11318
-11317
-11310
-11301
-11290
-11288
-11286
-11285
-11278
-11277
-11272
-11270
-11267
-11267
-11241
-11220
-11219
-11212
-11211
-11207
-11197
-11177
-11176
-11170
-11161
-11157
-11155
-11143
-11142
-11141
-11125
-11120
-11117
-11116
-11113
-11109
-11109
-11103
-11094
-11085
-11076
-11076
-11062
-11057
-11050
-11043
-11034
-11027
-11017
-11012
-11006
-10987
-10980
-10972
-10962
-10960
-10959
-10955
-10943
-10933
-10926
-10915
-10912
-10905
-10899
-10881
-10878
-10878
-10867
-10853
-10847
-10842
-10839
-10835
-10834
-10829
-10828
-10826
-10824
-10821
-10805
-10790
-10784
-10772
-10769
-10763
-10739
-10738
-10731
-10723
-10721
-10720
-10719
-10709
-10707
-10702
-10692
-10677
-10671
-10668
-10653
-10647
-10645
-10641
-10641
-10630
-10628
-10626
-10619
-10610
-10604
-10601
-10597
-10595
-10590
-10576
-10576
-10571
-10567
-10566
-10565
-10559
-10549
-10524
-10507
-10499
-10479
-10477
-10469
-10460
-10447
-10438
-10423
-10412
-10405
-10403
-10402
-10402
-10399
-10397
-10368
-10363
-10361
-10354
-10352
-10343
-10343
-10334
-10328
-10319
-10309
-10309
-10306
-10293
-10289
-10287
-10284
-10279
-10274
-10265
-10259
-10234
-10233
-10222
-10217
-10210
-10210
-10206
-10206
-10203
-10203
-10203
-10202
-10200
-10197
-10196
-10193
-10189
-10188
-10187
-10184
-10181
-10172
-10162
-10158
-10149
-10144
-10133
-10131
-10130
-10127
-10125
-10121
-10115
-10107
-10106
-10091
-10090
-10086
-10078
-10075
-10074
-10067
-10066
-10065
-10063
-10062
-10058
-10054
-10053
-10052
-10051
-10051
-10045
-10043
-10038
-10034
-10029
-10027
-10020
-10020
-10015
-10014
-10008
-10000
-9986
-9939
-9938
-9937
-9919
-9913
-9910
-9908
-9903
-9897
-9893
-9890
-9880
-9871
-9858
-9856
-9848
-9844
-9837
-9831
-9813
-9802
-9797
-9777
-9769
-9763
-9761
-9745
-9740
-9726
-9723
-9722
-9722
-9719
-9715
-9688
-9682
-9675
-9670
-9670
-9664
-9661
-9651
-9641
-9637
-9636
-9634
-9630
-9610
-9606
-9598
-9598
-9580
-9572
-9572
-9565
-9564
-9557
-9556
-9550
-9535
-9528
-9520
-9513
-9500
-9495
-9491
-9476
-9471
-9464
-9459
-9439
-9439
-9422
-9399
-9378
-9360
-9359
-9355
-9353
-9350
-9346
-9344
-9340
-9331
-9322
-9320
-9319
-9312
-9311
-9305
-9295
-9282
-9265
-9232
-9224
-9222
-9221
-9202
-9196
-9195
-9192
-9191
-9182
-9178
-9175
-9170
-9170
-9144
-9138
-9136
-9135
-9122
-9120
-9120
-9119
-9105
-9103
-9084
-9083
-9079
-9075
-9073
-9055
-9053
-9048
-9025
-9019
-8994
-8993
-8991
-8990
-8975
-8970
-8963
-8961
-8943
-8923
-8918
-8913
-8896
-8896
-8895
-8892
-8887
-8887
-8883
-8881
-8876
-8868
-8867
-8856
-8850
-8847
-8846
-8841
-8834
-8832
-8832
-8831
-8831
-8821
-8818
-8811
-8792
-8792
-8785
-8755
-8748
-8747
-8746
-8746
-8739
-8730
-8727
-8724
-8722
-8710
-8684
-8677
-8676
-8664
-8663
-8660
-8655
-8641
-8638
-8638
-8631
-8616
-8616
-8612
-8610
-8607
-8605
-8598
-8582
-8574
-8572
-8569
-8566
-8564
-8550
-8545
-8545
-8537
-8536
-8528
-8506
-8505
-8492
-8490
-8488
-8488
-8477
-8462
-8450
-8449
-8439
-8438
-8434
-8424
-8421
-8418
-8416
-8412
-8406
-8399
-8396
-8386
-8386
-8384
-8380
-8379
-8375
-8374
-8363
-8359
-8354
-8343
-8339
-8337
-8331
-8309
-8308
-8288
-8277
-8276
-8276
-8267
-8261
-8252
-8237
-8232
-8223
-8215
-8214
-8203
-8187
-8185
-8183
-8177
-8165
-8156
-8154
-8153
-8152
-8146
-8139
-8126
-8123
-8121
-8119
-8119
-8094
-8093
-8087
-8086
-8076
-8052
-8049
-8043
-8043
-8040
-8038
-8035
-8032
-8029
-8028
-8013
-8008
-8005
-8001
-7989
-7984
-7980
-7978
-7977
-7973
-7965
-7952
-7944
-7943
-7938
-7932
-7927
-7916
-7915
-7905
-7897
-7896
-7885
-7884
-7878
-7873
-7867
-7866
-7857
-7854
-7852
-7841
-7832
-7832
-7824
-7820
-7819
-7818
-7812
-7811
-7811
-7806
-7806
-7801
-7796
-7795
-7788
-7779
-7768
-7762
-7761
-7756
-7751
-7722
-7711
-7707
-7706
-7696
-7681
-7669
-7662
-7661
-7629
-7625
-7621
-7603
-7601
-7594
-7592
-7590
-7580
-7577
-7566
-7562
-7552
-7551
-7535
-7522
-7520
-7512
-7495
-7493
-7484
-7475
-7474
-7457
-7455
-7454
-7454
-7450
-7433
-7431
-7415
-7413
-7402
-7402
-7393
-7387
-7375
-7368
-7360
-7357
-7352
-7349
-7339
-7339
-7335
-7312
-7294
-7291
-7288
-7284
-7275
-7275
-7271
-7270
-7264
-7255
-7247
-7245
-7245
-7242
-7228
-7227
-7225
-7221
-7216
-7213
-7200
-7199
-7199
-7196
-7195
-7181
-7176
-7174
-7166
-7160
-7148
-7140
-7132
-7130
-7129
-7126
-7126
-7123
-7118
-7110
-7089
-7068
-7068
-7068
-7064
-7054
-7042
-7037
-7033
-7032
-7031
-7013
-7007
-7003
-6997
-6994
-6990
-6990
-6976
-6970
-6970
-6967
-6964
-6960
-6959
-6950
-6949
-6949
-6939
-6924
-6923
-6914
-6914
-6895
-6891
-6873
-6870
-6868
-6865
-6861
-6857
-6849
-6836
-6831
-6827
-6826
-6825
-6815
-6810
-6803
-6799
-6788
-6784
-6779
-6772
-6724
-6721
-6717
-6714
-6713
-6708
-6706
-6701
-6691
-6689
-6685
-6677
-6669
-6664
-6661
-6660
-6657
-6655
-6654
-6653
-6647
-6643
-6640
-6640
-6638
-6633
-6631
-6618
-6593
-6591
-6583
-6576
-6573
-6566
-6529
-6525
-6515
-6507
-6506
-6505
-6486
-6478
-6477
-6463
-6457
-6453
-6435
-6435
-6429
-6421
-6419
-6418
-6415
-6411
-6391
-6391
-6389
-6388
-6380
-6372
-6369
-6367
-6362
-6361
-6358
-6349
-6332
-6321
-6318
-6315
-6310
-6303
-6296
-6288
-6283
-6280
-6280
-6279
-6279
-6278
-6272
-6265
-6251
-6247
-6246
-6229
-6227
-6208
-6200
-6198
-6195
-6188
-6187
-6181
-6170
-6167
-6161
-6146
-6142
-6142
-6142
-6136
-6120
-6112
-6106
-6103
-6101
-6069
-6047
-6035
-6028
-6027
-6021
-6014
-6005
-6001
-5994
-5980
-5969
-5946
-5928
-5925
-5916
-5915
-5898
-5897
-5896
-5894
-5888
-5882
-5879
-5879
-5876
-5875
-5871
-5858
-5856
-5852
-5845
-5844
-5837
-5833
-5829
-5826
-5824
-5816
-5808
-5807
-5807
-5793
-5791
-5781
-5781
-5778
-5778
-5768
-5763
-5762
-5754
-5751
-5749
-5739
-5736
-5733
-5724
-5721
-5715
-5712
-5710
-5705
-5703
-5700
-5699
-5698
-5687
-5684
-5669
-5661
-5659
-5636
-5635
-5634
-5631
-5630
-5626
-5623
-5622
-5612
-5603
-5601
-5597
-5577
-5570
-5567
-5556
-5544
-5537
-5537
-5536
-5535
-5515
-5515
-5490
-5488
-5486
-5483
-5475
-5470
-5469
-5467
-5465
-5458
-5444
-5441
-5430
-5398
-5396
-5394
-5387
-5379
-5368
-5366
-5362
-5357
-5357
-5328
-5325
-5324
-5312
-5302
-5301
-5299
-5293
-5273
-5268
-5268
-5262
-5254
-5245
-5245
-5222
-5216
-5211
-5204
-5202
-5195
-5192
-5183
-5173
-5171
-5159
-5158
-5149
-5134
-5127
-5101
-5091
-5088
-5088
-5087
-5065
-5061
-5059
-5059
-5057
-5044
-5041
-5034
-5034
-5022
-5014
-5013
-5010
-5006
-5003
-4996
-4993
-4985
-4977
-4967
-4959
-4958
-4956
-4951
-4950
-4935
-4932
-4926
-4920
-4910
-4888
-4870
-4859
-4856
-4841
-4836
-4833
-4822
-4817
-4816
-4814
-4809
-4796
-4794
-4794
-4793
-4786
-4760
-4755
-4746
-4710
-4707
-4699
-4696
-4696
-4679
-4672
-4672
-4670
-4669
-4656
-4653
-4650
-4642
-4641
-4629
-4625
-4622
-4615
-4604
-4596
-4586
-4584
-4576
-4573
-4566
-4554
-4553
-4550
-4549
-4541
-4531
-4528
-4528
-4526
-4517
-4515
-4515
-4502
-4499
-4488
-4486
-4460
-4456
-4448
-4446
-4446
-4431
-4429
-4426
-4411
-4403
-4384
-4380
-4376
-4373
-4370
-4367
-4361
-4360
-4350
-4349
-4348
-4340
-4338
-4329
-4317
-4306
-4278
-4274
-4270
-4268
-4253
-4250
-4237
-4232
-4207
-4184
-4177
-4159
-4150
-4148
-4147
-4138
-4136
-4130
-4126
-4122
-4117
-4112
-4103
-4101
-4096
-4093
-4092
-4087
-4085
-4081
-4075
-4066
-4059
-4057
-4054
-4053
-4026
-4015
-4014
-4014
-4013
-4004
-3997
-3991
-3988
-3984
-3951
-3930
-3921
-3920
-3919
-3919
-3896
-3888
-3885
-3884
-3880
-3878
-3877
-3860
-3845
-3835
-3834
-3826
-3819
-3795
-3782
-3772
-3768
-3762
-3744
-3741
-3735
-3732
-3731
-3725
-3723
-3702
-3701
-3692
-3686
-3678
-3668
-3658
-3651
-3649
-3636
-3635
-3624
-3576
-3575
-3557
-3552
-3548
-3527
-3526
-3523
-3520
-3520
-3502
-3497
-3490
-3490
-3480
-3471
-3469
-3467
-3465
-3446
-3444
-3442
-3439
-3435
-3434
-3429
-3424
-3423
-3400
-3373
-3362
-3362
-3359
-3356
-3355
-3350
-3330
-3327
-3327
-3309
-3303
-3274
-3271
-3258
-3258
-3249
-3242
-3231
-3228
-3217
-3194
-3183
-3163
-3153
-3151
-3148
-3141
-3141
-3129
-3116
-3113
-3104
-3104
-3088
-3086
-3079
-3078
-3065
-3057
-3051
-3051
-3043
-3025
-3023
-3021
-2997
-2986
-2983
-2979
-2966
-2940
-2937
-2936
-2930
-2928
-2922
-2913
-2902
-2889
-2885
-2885
-2869
-2861
-2859
-2857
-2855
-2845
-2838
-2836
-2835
-2831
-2830
-2828
-2827
-2826
-2816
-2812
-2802
-2789
-2778
-2777
-2768
-2758
-2719
-2706
-2684
-2682
-2679
-2675
-2670
-2668
-2665
-2644
-2641
-2638
-2633
-2626
-2614
-2592
-2590
-2586
-2585
-2577
-2577
-2570
-2564
-2555
-2554
-2549
-2548
-2543
-2529
-2526
-2516
-2515
-2497
-2489
-2478
-2473
-2447
-2446
-2438
-2423
-2418
-2414
-2410
-2400
-2399
-2383
-2354
-2353
-2352
-2340
-2331
-2328
-2319
-2313
-2311
-2303
-2291
-2281
-2263
-2258
-2254
-2246
-2211
-2201
-2190
-2189
-2187
-2183
-2164
-2158
-2156
-2149
-2144
-2124
-2122
-2120
-2112
-2110
-2110
-2092
-2064
-2059
-2058
-2058
-2054
-2051
-2044
-2042
-2040
-2039
-2034
-2033
-2032
-2027
-2022
-2020
-2019
-2016
-2012
-2010
-2008
-2001
-1998
-1994
-1994
-1979
-1968
-1961
-1945
-1944
-1935
-1935
-1932
-1915
-1912
-1902
-1881
-1876
-1870
-1842
-1841
-1839
-1837
-1826
-1824
-1821
-1820
-1819
-1811
-1809
-1808
-1803
-1802
-1796
-1788
-1771
-1765
-1751
-1736
-1733
-1727
-1719
-1706
-1697
-1693
-1661
-1639
-1628
-1615
-1608
-1604
-1603
-1594
-1594
-1578
-1572
-1570
-1568
-1564
-1559
-1542
-1541
-1539
-1523
-1522
-1518
-1510
-1499
-1484
-1479
-1475
-1452
-1446
-1439
-1421
-1415
-1409
-1400
-1393
-1391
-1384
-1382
-1381
-1379
-1377
-1364
-1356
-1340
-1326
-1323
-1321
-1294
-1290
-1266
-1262
-1252
-1251
-1243
-1241
-1234
-1208
-1208
-1205
-1199
-1198
-1197
-1188
-1185
-1181
-1181
-1166
-1163
-1163
-1162
-1157
-1124
-1107
-1102
-1098
-1086
-1077
-1071
-1069
-1060
-1055
-1054
-1048
-1047
-1038
-1024
-1021
-1019
-1007
-1007
-996
-993
-992
-986
-977
-965
-962
-960
-949
-945
-919
-912
-908
-908
-868
-867
-849
-845
-831
-829
-829
-828
-825
-808
-795
-789
-780
-773
-766
-763
-747
-745
-742
-723
-717
-713
-709
-698
-680
-679
-667
-664
-661
-651
-650
-644
-635
-630
-630
-615
-606
-598
-591
-588
-586
-577
-563
-562
-561
-560
-550
-548
-547
-522
-512
-503
-499
-497
-495
-492
-490
-481
-468
-464
-461
-459
-445
-444
-440
-436
-435
-423
-407
-391
-388
-387
-378
-372
-370
-360
-351
-339
-338
-336
-329
-314
-314
-299
-298
-289
-288
-274
-269
-247
-242
-237
-233
-230
-225
-219
-215
-214
-192
-190
-177
-164
-152
-146
-142
-136
-135
-132
-126
-124
-119
-114
-108
-106
-104
-103
-99
-97
-89
-83
-79
-73
-63
-44
-13
-9
-6
-5
-1
0
13
13
13
16
23
33
44
55
56
69
73
75
100
101
107
111
122
124
127
128
139
142
143
145
148
149
166
184
186
190
203
204
207
221
222
234
235
236
237
255
270
274
283
285
285
287
291
304
310
311
312
315
318
322
324
346
353
358
364
384
385
389
390
405
406
409
416
434
435
436
438
449
450
452
458
461
473
485
493
500
503
528
531
535
552
554
556
562
563
570
575
580
580
582
589
590
596
599
601
602
604
613
620
620
624
629
630
632
635
639
645
648
653
656
658
661
662
663
671
675
688
692
702
709
725
729
735
759
764
764
771
782
798
800
817
818
844
859
866
867
870
875
876
877
882
883
884
888
895
901
902
905
906
909
933
952
958
962
964
967
976
979
983
1007
1009
1025
1035
1038
1043
1047
1048
1053
1055
1058
1059
1078
1089
1095
1097
1110
1119
1128
1136
1142
1149
1156
1158
1169
1172
1185
1197
1230
1234
1251
1255
1256
1263
1268
1270
1275
1289
1295
1319
1321
1329
1335
1335
1337
1349
1371
1375
1376
1379
1380
1381
1394
1395
1396
1398
1400
1401
1413
1417
1432
1447
1449
1468
1469
1470
1479
1482
1484
1490
1500
1506
1514
1517
1528
1533
1538
1538
1540
1542
1547
1553
1569
1572
1576
1583
1585
1588
1588
1594
1604
1615
1625
1628
1636
1646
1646
1648
1653
1671
1675
1675
1701
1706
1715
1719
1727
1730
1737
1740
1744
1752
1760
1767
1772
1774
1778
1781
1782
1783
1789
1796
1808
1808
1823
1823
1826
1829
1832
1834
1837
1838
1849
1856
1858
1860
1860
1860
1867
1889
1908
1908
1914
1931
1937
1938
1952
1957
1959
1964
1975
1979
1985
1999
1999
2002
2009
2010
2013
2013
2033
2034
2035
2047
2048
2051
2053
2059
2059
2062
2066
2070
2070
2071
2091
2095
2098
2099
2102
2108
2109
2117
2117
2124
2129
2133
2136
2143
2145
2160
2168
2188
2198
2198
2210
2210
2220
2232
2264
2272
2276
2278
2300
2321
2336
2338
2346
2350
2351
2372
2376
2378
2395
2407
2411
2419
2422
2422
2425
2426
2430
2432
2444
2444
2446
2449
2449
2454
2456
2467
2482
2492
2508
2509
2510
2514
2535
2550
2554
2558
2562
2568
2576
2580
2593
2594
2596
2608
2624
2625
2636
2640
2644
2647
2704
2710
2725
2731
2733
2736
2737
2740
2744
2750
2754
2767
2780
2787
2788
2799
2800
2801
2805
2823
2832
2852
2864
2865
2866
2875
2886
2889
2901
2916
2919
2933
2955
2959
2965
2965
2976
2981
2982
2998
3004
3005
3007
3011
3021
3025
3031
3037
3044
3046
3051
3053
3054
3059
3059
3060
3066
3084
3089
3089
3090
3095
3096
3105
3113
3115
3116
3119
3121
3124
3136
3139
3148
3169
3169
3171
3179
3208
3216
3230
3251
3252
3259
3262
3273
3278
3280
3284
3284
3284
3310
3361
3366
3367
3371
3371
3372
3373
3378
3385
3388
3393
3396
3397
3398
3402
3411
3424
3433
3433
3436
3443
3452
3461
3462
3465
3468
3475
3476
3476
3489
3498
3509
3513
3517
3522
3534
3539
3562
3572
3578
3589
3623
3634
3639
3643
3647
3648
3662
3663
3663
3677
3677
3688
3709
3715
3719
3727
3733
3740
3755
3756
3768
3773
3778
3786
3793
3801
3801
3805
3808
3824
3826
3828
3831
3833
3847
3850
3865
3867
3868
3880
3897
3900
3903
3905
3922
3924
3932
3938
3946
3950
3951
3956
3958
3958
3969
3976
3976
3981
3987
3996
4000
4008
4029
4033
4036
4038
4040
4041
4057
4058
4059
4062
4063
4069
4075
4083
4110
4117
4121
4124
4137
4152
4159
4160
4171
4178
4179
4185
4187
4192
4201
4205
4207
4208
4209
4215
4219
4226
4238
4238
4239
4242
4250
4252
4256
4257
4263
4265
4267
4267
4268
4270
4272
4273
4284
4288
4290
4290
4296
4298
4302
4304
4308
4315
4317
4317
4321
4322
4334
4342
4343
4351
4356
4362
4371
4381
4402
4407
4422
4436
4437
4438
4447
4450
4455
4462
4463
4468
4473
4486
4490
4492
4506
4507
4515
4522
4529
4530
4532
4537
4558
4561
4562
4565
4569
4581
4596
4598
4607
4611
4612
4613
4631
4650
4650
4653
4661
4664
4665
4666
4667
4673
4676
4679
4682
4690
4702
4702
4708
4709
4711
4711
4723
4736
4742
4749
4751
4761
4766
4767
4769
4769
4771
4774
4774
4783
4785
4787
4795
4801
4809
4809
4814
4823
4832
4838
4841
4843
4847
4848
4855
4860
4873
4885
4889
4892
4892
4895
4900
4914
4944
4945
4950
4951
4957
4965
4973
4977
4986
4986
4986
4987
4987
4989
5011
5017
5022
5023
5027
5035
5050
5085
5085
5087
5088
5089
5096
5107
5110
5113
5117
5120
5126
5128
5134
5158
5167
5171
5173
5176
5183
5187
5187
5187
5193
5194
5196
5218
5224
5226
5249
5253
5257
5274
5284
5294
5301
5312
5326
5332
5335
5340
5340
5359
5361
5368
5369
5385
5390
5390
5393
5432
5446
5446
5452
5459
5462
5464
5468
5481
5494
5504
5516
5518
5521
5523
5529
5529
5541
5545
5545
5547
5553
5560
5567
5572
5574
5577
5580
5585
5587
5591
5595
5596
5599
5610
5619
5624
5630
5635
5637
5641
5646
5646
5649
5655
5657
5669
5672
5688
5697
5702
5727
5735
5744
5747
5750
5757
5765
5772
5784
5785
5794
5797
5813
5820
5822
5833
5842
5842
5848
5856
5866
5876
5891
5894
5913
5927
5932
5934
5938
5946
5959
5985
5997
6007
6012
6013
6022
6035
6040
6040
6048
6060
6063
6070
6074
6120
6136
6138
6152
6168
6168
6174
6174
6174
6175
6177
6179
6179
6181
6187
6206
6206
6220
6220
6220
6221
6250
6253
6256
6263
6267
6286
6297
6305
6305
6309
6321
6331
6336
6342
6350
6370
6373
6377
6388
6388
6393
6401
6412
6418
6424
6429
6435
6457
6459
6471
6485
6487
6497
6503
6507
6508
6516
6518
6521
6522
6533
6535
6542
6553
6562
6563
6563
6564
6568
6576
6577
6591
6610
6622
6628
6638
6648
6656
6658
6660
6668
6670
6676
6683
6685
6696
6697
6698
6699
6706
6717
6723
6726
6729
6734
6742
6752
6761
6768
6787
6790
6794
6809
6826
6829
6854
6868
6875
6880
6896
6905
6913
6919
6922
6933
6937
6938
6942
6946
6946
6947
6948
6967
6969
6970
6979
6989
6993
6995
6995
7004
7010
7010
7011
7016
7024
7038
7039
7044
7048
7051
7056
7059
7070
7070
7075
7079
7090
7092
7099
7101
7113
7115
7125
7134
7147
7155
7156
7161
7162
7171
7174
7182
7194
7195
7196
7234
7256
7265
7282
7292
7300
7302
7325
7340
7340
7341
7369
7373
7384
7384
7390
7399
7401
7418
7419
7436
7446
7450
7454
7459
7459
7472
7478
7491
7501
7502
7502
7503
7506
7524
7531
7537
7544
7544
7548
7552
7559
7561
7570
7573
7577
7589
7597
7597
7605
7615
7632
7650
7662
7675
7684
7694
7695
7715
7732
7737
7740
7741
7749
7755
7755
7763
7770
7799
7800
7801
7802
7810
7833
7833
7855
7872
7873
7874
7876
7901
7902
7905
7916
7927
7930
7942
7944
7947
7964
7976
7987
7994
7994
8003
8014
8023
8027
8049
8060
8074
8077
8082
8089
8090
8091
8097
8107
8117
8124
8135
8144
8166
8181
8183
8191
8192
8207
8217
8220
8221
8222
8240
8251
8257
8258
8269
8271
8272
8282
8285
8285
8295
8300
8303
8304
8315
8317
8322
8322
8329
8331
8350
8360
8400
8407
8409
8415
8431
8436
8448
8449
8459
8462
8464
8468
8468
8473
8476
8477
8478
8484
8491
8495
8501
8502
8512
8514
8518
8525
8525
8530
8543
8546
8551
8563
8581
8581
8582
8584
8592
8592
8596
8613
8615
8623
8625
8626
8627
8627
8627
8632
8647
8651
8661
8665
8674
8678
8684
8685
8691
8700
8701
8710
8718
8739
8752
8760
8771
8774
8801
8802
8803
8833
8835
8837
8839
8846
8853
8856
8871
8875
8882
8886
8896
8899
8909
8918
8920
8921
8931
8941
8951
8951
8952
8955
8957
8961
8967
8974
8975
8981
8981
8986
8987
8989
8995
9002
9004
9004
9008
9016
9023
9033
9043
9046
9051
9062
9064
9067
9071
9077
9086
9090
9091
9093
9103
9110
9112
9112
9118
9119
9122
9124
9125
9133
9138
9152
9160
9164
9179
9190
9197
9199
9208
9215
9226
9244
9246
9250
9266
9277
9290
9290
9295
9315
9320
9323
9323
9324
9326
9326
9332
9333
9339
9340
9340
9351
9361
9368
9375
9378
9400
9425
9429
9434
9434
9443
9447
9458
9460
9480
9481
9497
9502
9508
9511
9515
9517
9520
9523
9534
9535
9536
9543
9548
9551
9554
9560
9561
9590
9592
9596
9599
9602
9622
9632
9636
9637
9639
9658
9675
9677
9682
9690
9693
9699
9705
9705
9706
9709
9713
9714
9718
9738
9752
9773
9778
9779
9797
9801
9805
9817
9819
9844
9846
9853
9856
9865
9885
9886
9892
9909
9911
9917
9923
9930
9931
9934
9947
9959
9963
9972
9981
9983
9985
9996
9998
10000
10018
10047
10054
10055
10057
10057
10061
10063
10067
10073
10073
10076
10077
10084
10084
10086
10088
10093
10095
10096
10101
10106
10108
10112
10114
10115
10116
10118
10122
10123
10130
10135
10136
10148
10154
10164
10165
10169
10172
10184
10185
10190
10198
10218
10219
10222
10223
10230
10238
10240
10251
10252
10254
10260
10285
10285
10286
10288
10290
10302
10331
10335
10345
10378
10379
10385
10386
10409
10415
10421
10446
10452
10456
10458
10459
10464
10464
10468
10469
10471
10472
10476
10481
10486
10495
10495
10503
10504
10504
10507
10522
10527
10533
10544
10552
10555
10556
10560
10563
10563
10565
10575
10576
10576
10580
10583
10591
10599
10599
10624
10653
10656
10656
10657
10665
10668
10668
10698
10702
10722
10724
10734
10759
10759
10764
10771
10773
10775
10794
10800
10811
10814
10835
10838
10839
10852
10853
10853
10854
10863
10878
10894
10895
10896
10903
10906
10911
10916
10927
10928
10939
10942
10945
10952
10958
10965
10971
10981
10981
10981
11006
11009
11026
11036
11038
11038
11046
11054
11064
11083
11088
11092
11097
11111
11131
11131
11133
11133
11147
11155
11159
11171
11180
11186
11189
11205
11210
11214
11218
11223
11232
11257
11263
11273
11274
11278
11280
11280
11301
11312
11314
11325
11335
11336
11341
11344
11351
11353
11355
11356
11362
11372
11373
11375
11379
11381
11397
11399
11407
11411
11416
11439
11441
11451
11458
11460
11475
11489
11497
11508
11528
11530
11532
11540
11543
11545
11546
11551
11560
11568
11587
11599
11603
11605
11605
11606
11636
11643
11660
11667
11670
11673
11673
11682
11685
11685
11694
11697
11703
11706
11709
11709
11712
11715
11731
11732
11738
11739
11746
11756
11767
11770
11776
11790
11794
11797
11798
11799
11802
11806
11807
11822
11829
11831
11839
11847
11859
11864
11865
11868
11871
11883
11887
11890
11890
11896
11898
11901
11904
11917
11924
11932
11943
11946
11952
11953
11960
11966
11972
11984
11984
11993
12000
12005
12015
12017
12017
12017
12017
12020
12020
12030
12038
12041
12047
12054
12056
12061
12068
12069
12070
12071
12084
12089
12092
12109
12111
12120
12127
12132
12138
12139
12140
12143
12152
12154
12158
12161
12162
12163
12165
12174
12177
12197
12204
12209
12211
12211
12216
12219
12233
12234
12238
12240
12248
12251
12259
12275
12286
12286
12289
12291
12304
12308
12324
12327
12329
12332
12338
12340
12343
12350
12369
12374
12376
12383
12385
12389
12393
12395
12401
12422
12426
12441
12444
12454
12457
12472
12476
12486
12489
12490
12497
12499
12499
12506
12513
12518
12531
12556
12560
12566
12570
12577
12580
12580
12586
12598
12602
12603
12604
12618
12623
12624
12646
12649
12651
12658
12663
12675
12679
12683
12713
12714
12718
12721
12728
12737
12766
12771
12778
12781
12781
12785
12789
12789
12799
12800
12835
12849
12861
12867
12876
12891
12897
12898
12903
12905
12906
12912
12919
12926
12926
12932
12934
12940
12946
12964
12970
12974
12975
12976
12977
12978
12985
12992
12995
13001
13002
13003
13005
13031
13036
13038
13044
13044
13045
13052
13052
13058
13073
13074
13074
13078
13082
13089
13092
13103
13104
13107
13113
13113
13116
13131
13133
13140
13148
13148
13155
13156
13188
13221
13221
13233
13240
13243
13245
13270
13271
13295
13304
13311
13314
13314
13315
13332
13339
13356
13359
13359
13369
13371
13389
13389
13400
13411
13422
13431
13432
13462
13472
13475
13488
13495
13498
13516
13520
13524
13526
13526
13529
13534
13571
13579
13584
13600
13603
13606
13618
13622
13623
13626
13630
13631
13633
13638
13639
13640
13649
13685
13690
13694
13696
13702
13708
13711
13717
13719
13719
13721
13721
13734
13748
13756
13758
13766
13780
13782
13787
13788
13790
13793
13797
13804
13806
13807
13815
13817
13820
13838
13841
13846
13849
13849
13851
13859
13860
13866
13869
13871
13886
13902
13903
13907
13911
13919
13920
13935
13940
13940
13952
13953
13975
13980
13982
13987
13993
13999
14001
14003
14010
14013
14019
14023
14026
14040
14046
14046
14047
14067
14069
14071
14080
14084
14093
14097
14097
14102
14107
14117
14120
14137
14138
14141
14143
14163
14163
14170
14175
14190
14195
14205
14206
14222
14225
14227
14228
14237
14245
14250
14253
14263
14274
14279
14281
14287
14291
14316
14360
14363
14378
14391
14396
14400
14404
14414
14426
14428
14432
14453
14483
14483
14486
14494
14494
14496
14503
14504
14505
14507
14512
14517
14529
14530
14553
14557
14559
14560
14564
14577
14582
14584
14585
14599
14603
14660
14683
14683
14696
14697
14701
14717
14721
14745
14754
14755
14763
14773
14779
14785
14786
14807
14809
14821
14825
14827
14836
14838
14850
14872
14887
14890
14891
14898
14924
14944
14971
14977
14987
14993
14994
14999
15010
15013
15013
15018
15021
15021
15069
15076
15076
15083
15096
15098
15100
15102
15107
15127
15133
15166
15170
15177
15177
15180
15198
15208
15224
15236
15246
15247
15250
15264
15274
15275
15277
15278
15284
15289
15293
15295
15320
15332
15333
15341
15351
15363
15368
15369
15370
15371
15383
15388
15441
15447
15456
15476
15480
15481
15484
15487
15494
15509
15510
15519
15520
15523
15533
15534
15536
15537
15542
15545
15549
15555
15572
15574
15583
15590
15591
15606
15612
15630
15639
15644
15644
15654
15655
15657
15669
15672
15673
15687
15699
15704
15709
15710
15713
15713
15715
15729
15729
15729
15731
15764
15771
15773
15773
15774
15778
15779
15789
15791
15793
15807
15815
15819
15819
15822
15824
15826
15831
15854
15866
15866
15868
15869
15873
15874
15876
15880
15882
15888
15893
15900
15904
15905
15908
15919
15921
15921
15921
15923
15923
15931
15941
15947
15954
15958
15968
15974
15980
15986
15989
16000
16013
16013
16028
16043
16044
16052
16052
16062
16070
16079
16083
16095
16103
16128
16142
16149
16151
16164
16164
16167
16174
16175
16177
16182
16188
16199
16205
16210
16213
16218
16220
16224
16235
16236
16241
16247
16251
16254
16261
16262
16266
16266
16288
16308
16318
16330
16333
16348
16350
16354
16357
16357
16363
16364
16369
16370
16381
16421
16424
16425
16438
16446
16452
16453
16468
16475
16500
16510
16518
16527
16531
16536
16537
16552
16555
16557
16559
16564
16572
16572
16578
16582
16587
16591
16595
16597
16611
16643
16652
16663
16664
16668
16677
16682
16690
16695
16702
16714
16716
16720
16725
16730
16738
16745
16774
16782
16784
16785
16790
16797
16798
16800
16812
16832
16838
16846
16860
16862
16873
16885
16894
16906
16912
16919
16928
16958
16962
16962
16973
16977
17000
17006
17022
17025
17039
17042
17058
17058
17064
17066
17067
17072
17075
17076
17089
17095
17106
17111
17122
17124
17125
17126
17132
17133
17145
17158
17159
17160
17165
17175
17175
17175
17187
17188
17197
17209
17215
17225
17236
17242
17250
17250
17251
17271
17272
17272
17273
17280
17280
17281
17281
17281
17287
17288
17292
17305
17316
17330
17332
17334
17354
17365
17366
17387
17388
17402
17406
17412
17414
17423
17430
17433
17454
17477
17482
17485
17493
17497
17506
17507
17511
17518
17520
17526
17532
17534
17537
17541
17548
17550
17552
17565
17565
17571
17576
17577
17580
17580
17583
17588
17601
17605
17623
17628
17638
17639
17651
17661
17664
17691
17696
17702
17705
17720
17738
17741
17742
17747
17758
17762
17770
17775
17778
17781
17784
17793
17798
17804
17807
17809
17809
17810
17817
17820
17824
17832
17833
17837
17837
17839
17853
17861
17863
17865
17870
17872
17873
17877
17881
17888
17888
17889
17891
17893
17912
17914
17916
17918
17925
17927
17929
17943
17957
17959
17960
17961
17969
17976
17981
17989
18001
18012
18022
18025
18025
18029
18035
18036
18061
18061
18066
18069
18094
18098
18101
18107
18118
18121
18137
18139
18141
18146
18148
18150
18151
18151
18156
18162
18174
18183
18192
18201
18206
18209
18214
18220
18224
18228
18238
18241
18246
18265
18271
18272
18279
18292
18294
18310
18312
18325
18328
18338
18338
18344
18349
18354
18357
18361
18363
18369
18369
18372
18375
18388
18395
18400
18406
18406
18408
18412
18414
18419
18427
18427
18431
18432
18434
18443
18443
18444
18454
18457
18463
18475
18481
18489
18491
18492
18492
18493
18495
18498
18504
18516
18523
18552
18558
18559
18561
18563
18567
18581
18582
18585
18598
18600
18600
18605
18615
18622
18626
18632
18637
18638
18654
18654
18663
18676
18699
18702
18704
18718
18738
18742
18752
18753
18759
18773
18792
18792
18798
18807
18807
18812
18814
18816
18825
18828
18849
18872
18886
18898
18909
18924
18930
18931
18934
18945
18957
18958
18962
18971
18972
18972
18973
18984
18984
18989
19001
19004
19010
19011
19016
19024
19028
19029
19057
19061
19063
19066
19066
19072
19083
19085
19087
19093
19108
19113
19114
19120
19124
19133
19136
19146
19147
19151
19157
19188
19198
19199
19210
19216
19216
19223
19229
19233
19234
19235
19237
19238
19249
19255
19260
19262
19266
19271
19272
19274
19275
19275
19276
19283
19284
19298
19315
19316
19318
19318
19319
19333
19335
19337
19339
19346
19347
19359
19365
19374
19383
19403
19419
19427
19428
19429
19430
19436
19441
19444
19444
19449
19449
19457
19462
19465
19466
19472
19484
19492
19493
19494
19502
19518
19540
19543
19543
19548
19558
19558
19559
19560
19566
19568
19573
19587
19590
19601
19603
19606
19609
19614
19636
19636
19640
19647
19654
19655
19656
19658
19660
19663
19665
19666
19669
19671
19677
19685
19702
19709
19721
19723
19723
19727
19730
19730
19731
19732
19739
19751
19761
19766
19776
19777
19791
19805
19808
19810
19817
19820
19824
19826
19847
19865
19873
19878
19879
19881
19887
19894
19899
19901
19903
19903
19928
19935
19944
19949
19960
19962
19971
19990
20002
20005
20010
20015
20016
20018
20019
20033
20034
20061
20068
20071
20071
20074
20085
20094
20094
20113
20131
20139
20142
20157
20170
20182
20189
20194
20199
20202
20214
20227
20229
20230
20249
20256
20258
20265
20266
20267
20271
20273
20276
20286
20299
20302
20307
20327
20331
20335
20340
20344
20344
20356
20358
20359
20365
20371
20374
20379
20389
20396
20397
20399
20417
20426
20428
20431
20439
20440
20443
20445
20455
20459
20464
20468
20469
20478
20497
20520
20522
20523
20529
20533
20537
20539
20542
20548
20561
20575
20579
20580
20581
20597
20606
20619
20620
20641
20644
20652
20657
20664
20673
20675
20683
20692
20695
20709
20711
20714
20719
20719
20720
20720
20728
20730
20731
20738
20745
20745
20757
20763
20775
20786
20793
20801
20802
20813
20823
20833
20843
20847
20851
20851
20853
20868
20870
20873
20875
20879
20882
20882
20883
20883
20883
20904
20913
20919
20924
20944
20948
20960
20963
20966
20977
20999
20999
21003
21013
21020
21022
21025
21032
21042
21042
21044
21046
21047
21047
21049
21050
21051
21058
21060
21060
21061
21069
21075
21087
21091
21095
21106
21110
21117
21123
21126
21147
21148
21153
21154
21169
21175
21176
21184
21188
21194
21196
21200
21203
21215
21223
21227
21227
21231
21238
21242
21245
21246
21249
21249
21260
21265
21267
21273
21281
21289
21309
21316
21320
21325
21328
21332
21333
21334
21343
21344
21357
21361
21374
21375
21376
21379
21383
21391
21399
21402
21404
21411
21429
21430
21433
21446
21458
21459
21468
21470
21480
21495
21526
21526
21534
21538
21547
21550
21553
21558
21565
21580
21593
21601
21605
21607
21613
21653
21668
21681
21684
21701
21702
21710
21722
21734
21736
21740
21744
21756
21758
21771
21775
21781
21792
21795
21810
21810
21812
21818
21821
21839
21841
21843
21849
21857
21858
21864
21865
21867
21870
21878
21879
21884
21885
21897
21910
21914
21916
21938
21940
21944
21949
21951
21956
21957
21970
21985
21989
21996
22004
22011
22013
22026
22036
22039
22042
22060
22071
22074
22074
22082
22085
22087
22089
22094
22095
22096
22103
22108
22109
22113
22121
22131
22143
22148
22150
22157
22164
22183
22219
22222
22228
22231
22244
22244
22245
22252
22283
22286
22292
22305
22306
22307
22311
22317
22331
22335
22336
22337
22345
22346
22358
22372
22386
22393
22402
22411
22413
22417
22419
22424
22424
22426
22429
22433
22440
22453
22458
22475
22475
22477
22478
22481
22485
22486
22488
22493
22512
22524
22532
22547
22550
22563
22568
22574
22575
22588
22606
22609
22609
22613
22624
22626
22628
22634
22639
22643
22643
22644
22645
22654
22679
22686
22688
22690
22697
22703
22705
22705
22714
22715
22720
22722
22730
22734
22739
22754
22763
22764
22769
22776
22791
22791
22792
22801
22803
22804
22818
22822
22827
22828
22834
22870
22873
22880
22880
22881
22900
22908
22922
22926
22936
22943
22948
22959
22962
22969
22977
22982
22995
23000
23007
23011
23017
23017
23022
23026
23027
23038
23044
23050
23065
23066
23070
23071
23071
23080
23086
23090
23100
23100
23106
23108
23122
23135
23142
23150
23150
23160
23167
23177
23185
23191
23203
23206
23213
23214
23217
23218
23226
23243
23244
23248
23248
23262
23263
23276
23279
23283
23290
23308
23310
23310
23322
23327
23332
23366
23390
23394
23396
23396
23417
23423
23423
23432
23439
23441
23465
23466
23470
23478
23480
23482
23484
23486
23504
23512
23523
23531
23534
23536
23547
23553
23567
23571
23574
23575
23589
23594
23598
23615
23632
23633
23640
23641
23643
23654
23659
23660
23672
23677
23684
23690
23693
23706
23711
23711
23716
23720
23725
23728
23733
23778
23794
23800
23800
23810
23815
23819
23828
23832
23835
23845
23852
23871
23886
23887
23888
23899
23906
23913
23915
23918
23924
23955
23968
23973
23990
24012
24012
24012
24021
24022
24022
24029
24032
24036
24037
24038
24057
24067
24077
24083
24100
24101
24102
24115
24116
24117
24131
24136
24143
24143
24165
24166
24169
24170
24178
24185
24187
24192
24192
24198
24200
24204
24249
24258
24262
24263
24266
24268
24274
24277
24284
24285
24289
24293
24295
24295
24311
24312
24317
24319
24322
24326
24329
24329
24332
24340
24343
24347
24360
24362
24364
24366
24368
24378
24380
24389
24391
24397
24400
24419
24424
24427
24433
24439
24453
24463
24480
24486
24491
24492
24494
24502
24509
24513
24528
24533
24541
24547
24569
24570
24570
24570
24571
24577
24590
24596
24607
24627
24642
24643
24658
24664
24679
24682
24684
24684
24685
24685
24687
24691
24693
24706
24706
24716
24729
24734
24745
24745
24765
24784
24797
24815
24827
24829
24833
24836
24837
24840
24842
24848
24849
24849
24858
24860
24862
24868
24872
24878
24901
24903
24905
24925
24930
24940
24950
24951
24951
24957
24965
24966
24967
24971
24973
24979
24982
24985
24991
24994
25000
25012
25012
25028
25039
25041
25047
25050
25050
25054
25055
25068
25069
25070
25071
25083
25086
25087
25091
25120
25125
25129
25147
25155
25160
25166
25175
25196
25200
25206
25214
25218
25220
25220
25234
25248
25253
25279
25284
25289
25292
25295
25301
25304
25304
25305
25314
25316
25329
25331
25332
25333
25339
25344
25345
25361
25373
25374
25380
25385
25399
25412
25413
25414
25418
25424
25435
25438
25439
25441
25442
25442
25451
25453
25454
25459
25462
25463
25465
25467
25472
25484
25492
25500
25507
25510
25513
25514
25514
25519
25525
25529
25534
25536
25547
25548
25550
25552
25561
25564
25565
25576
25578
25579
25582
25584
25584
25596
25597
25599
25610
25623
25632
25637
25644
25651
25658
25661
25666
25667
25670
25675
25678
25693
25705
25710
25710
25711
25718
25720
25755
25758
25766
25768
25776
25791
25794
25795
25804
25812
25836
25838
25849
25858
25861
25866
25867
25888
25907
25919
25931
25937
25959
25974
25977
25984
25986
25987
25995
26000
26003
26006
26009
26022
26023
26027
26037
26039
26049
26055
26058
26061
26069
26070
26074
26079
26086
26096
26097
26110
26117
26128
26129
26130
26140
26158
26159
26162
26166
26172
26175
26186
26188
26192
26209
26218
26220
26232
26233
26235
26239
26241
26257
26258
26266
26268
26273
26293
26299
26323
26323
26324
26324
26331
26335
26345
26347
26352
26353
26355
26356
26361
26369
26382
26384
26395
26403
26411
26412
26412
26425
26436
26446
26447
26451
26455
26457
26461
26465
26466
26472
26474
26475
26481
26482
26486
26492
26493
26503
26512
26516
26525
26530
26540
26548
26550
26555
26576
26586
26591
26592
26594
26613
26621
26634
26635
26658
26676
26710
26713
26717
26718
26722
26731
26732
26739
26743
26755
26759
26760
26767
26769
26774
26780
26781
26791
26802
26813
26817
26831
26835
26835
26846
26860
26866
26868
26874
26883
26884
26889
26891
26897
26909
26920
26922
26925
26932
26941
26943
26950
26951
26967
26969
26973
26983
26994
27003
27009
27012
27036
27048
27064
27069
27070
27077
27079
27081
27090
27092
27100
27103
27114
27123
27131
27140
27161
27165
27172
27180
27181
27202
27204
27205
27224
27230
27234
27246
27247
27259
27267
27271
27271
27273
27305
27308
27308
27310
27312
27313
27349
27350
27359
27361
27361
27372
27379
27385
27418
27424
27432
27436
27437
27437
27438
27445
27449
27451
27457
27465
27487
27494
27497
27500
27513
27514
27545
27546
27550
27561
27574
27585
27588
27592
27594
27605
27624
27630
27631
27635
27638
27650
27658
27659
27663
27674
27675
27675
27683
27686
27686
27688
27690
27691
27700
27732
27745
27750
27767
27775
27775
27781
27787
27791
27791
27791
27794
27801
27802
27803
27807
27808
27840
27843
27848
27849
27849
27854
27854
27856
27858
27860
27876
27886
27890
27892
27893
27894
27902
27906
27921
27922
27930
27933
27947
27949
27950
27977
27981
27981
27983
27986
27992
28006
28023
28027
28029
28032
28056
28064
28073
28075
28083
28083
28091
28094
28103
28104
28108
28118
28130
28145
28148
28151
28159
28167
28168
28172
28183
28183
28185
28189
28197
28197
28202
28216
28217
28231
28248
28260
28262
28270
28273
28287
28288
28294
28296
28296
28297
28303
28309
28332
28341
28344
28344
28356
28356
28368
28370
28370
28376
28390
28399
28408
28423
28425
28432
28437
28445
28451
28452
28454
28462
28470
28476
28477
28478
28482
28486
28496
28506
28512
28514
28518
28521
28530
28533
28536
28554
28562
28576
28579
28587
28587
28596
28597
28598
28614
28616
28619
28629
28630
28636
28642
28659
28661
28669
28677
28681
28685
28688
28688
28697
28698
28738
28738
28748
28754
28755
28760
28780
28787
28800
28823
28854
28858
28858
28865
28869
28873
28874
28879
28882
28886
28886
28900
28904
28905
28907
28925
28933
28942
28942
28943
28944
28945
28955
28964
28964
28965
28969
28977
28989
28990
28995
29001
29008
29016
29023
29027
29028
29028
29031
29034
29035
29045
29054
29073
29075
29077
29081
29101
29102
29103
29115
29115
29116
29120
29124
29124
29124
29125
29129
29131
29134
29136
29137
29149
29155
29155
29161
29161
29162
29162
29188
29195
29196
29212
29214
29217
29217
29226
29241
29242
29260
29272
29281
29304
29306
29306
29310
29310
29311
29313
29329
29339
29340
29352
29361
29369
29369
29372
29380
29386
29386
29409
29415
29432
29444
29446
29456
29462
29462
29472
29473
29478
29479
29481
29482
29488
29494
29496
29496
29501
29506
29506
29509
29510
29517
29522
29523
29526
29530
29538
29567
29584
29589
29599
29621
29626
29632
29636
29655
29668
29675
29676
29691
29692
29700
29716
29723
29723
29723
29724
29725
29738
29740
29757
29762
29768
29773
29776
29777
29784
29785
29787
29789
29799
29806
29816
29818
29821
29825
29851
29851
29873
29878
29884
29890
29890
29893
29898
29901
29901
29907
29915
29919
29922
29923
29923
29930
29932
29933
29934
29935
29944
29946
29966
29967
29972
29973
29973
29978
29984
29993
30014
30018
30021
30026
30034
30038
30048
30050
30063
30064
30082
30085
30091
30092
30099
30107
30111
30119
30124
30132
30149
30166
30176
30183
30194
30197
30198
30202
30213
30220
30221
30230
30241
30247
30252
30256
30258
30264
30267
30271
30287
30292
30324
30338
30339
30340
30347
30351
30382
30405
30420
30433
30436
30436
30442
30444
30444
30447
30457
30477
30483
30490
30494
30504
30507
30507
30515
30519
30521
30547
30559
30564
30577
30580
30585
30595
30605
30613
30614
30615
30624
30629
30641
30642
30657
30661
30675
30677
30688
30712
30716
30722
30732
30737
30740
30753
30755
30757
30760
30767
30777
30777
30786
30786
30789
30798
30807
30816
30818
30821
30821
30832
30832
30832
30838
30864
30865
30867
30877
30889
30892
30894
30906
30906
30926
30940
30940
30950
30953
30965
30980
30981
30982
30991
30992
31000
31003
31003
31013
31014
31017
31020
31030
31030
31038
31046
31053
31075
31081
31088
31093
31100
31109
31109
31110
31119
31132
31141
31142
31144
31158
31166
31169
31173
31181
31189
31191
31213
31240
31240
31241
31242
31243
31263
31263
31266
31269
31275
31297
31300
31305
31311
31316
31322
31323
31329
31351
31365
31365
31367
31367
31376
31386
31391
31398
31399
31402
31406
31411
31416
31424
31446
31446
31451
31459
31468
31470
31471
31475
31480
31482
31483
31488
31489
31502
31507
31513
31518
31524
31527
31528
31533
31540
31540
31541
31546
31549
31550
31560
31565
31574
31574
31584
31587
31604
31605
31616
31628
31637
31647
31654
31654
31665
31680
31684
31686
31693
31696
31696
31702
31711
31713
31719
31723
31728
31733
31748
31755
31755
31780
31792
31797
31808
31828
31836
31840
31845
31854
31868
31878
31899
31906
31921
31922
31924
31937
31949
31949
31950
31959
31965
31967
31968
31972
31982
31987
31990
31993
31996
32004
32009
32012
32014
32017
32023
32031
32041
32043
32046
32051
32062
32074
32075
32081
32082
32083
32084
32089
32097
32097
32097
32100
32106
32107
32120
32132
32135
32167
32168
32176
32178
32192
32194
32195
32200
32208
32211
32213
32214
32219
32232
32233
32243
32249
32250
32254
32269
32271
32294
32295
32299
32302
32304
32318
32321
32327
32341
32341
32353
32355
32361
32366
32369
32384
32390
32391
32392
32397
32398
32398
32407
32409
32416
32420
32426
32428
32429
32430
32437
32465
32469
32479
32480
32482
32484
32498
32502
32512
32522
32523
32532
32533
32543
32555
32557
32557
32557
32564
32578
32583
32593
32593
32607
32629
32636
32652
32654
32658
32661
32661
32664
32666
32676
32681
32681
32683
32686
32691
32692
32699
32705
32715
32719
32726
32728
32735
32737
32741
32743
32757
3
8951
-424
-788