1

20 13
0 1 1 1 1 0 0 0 1 1 1 1 0 0 0 0 0 1 1 1 0 1 0 1 1 0 0 1 0 1 0 1 0 1 0 1 1 0 0 0 1 1 0 1 1 0 1 1 1 0 1 1 0 1 0 1 1 0 0 1 1 0 0 0 0 0 1 1 1 1 0 0 1 0 0 0 0 1 0 1 0 1 0 0 0 0 1 1 0 1 0 1 0 1 1 0 1 1 1 0 0 1 1 1 1 1 0 1 0 0 0 0 1 0 0 1 0 1 0 0 1 0 0 1 1 1 1 1 0 0 1 1 0 0 0 1 1 0 1 0 0 1 0 1 0 1 0 0 0 0 1 1 1 1 0 0 0 1 1 1 0 1 0 0 1 0 1 1 1 0 1 1 0 1 1 0 0 1 0 1 0 1 0 1 0 1 1 1 0 1 0 0 0 0 0 1 0 0 0 1 0 1 1 0 1 0 0 1 1 1 0 1 0 1 0 1 0 0 0 0 1 0 1 1 0 1 0 0 1 1 0 0 0 1 0 1 1 1 1 0 0 1 0 0 0 0 1 0 0 1 1 1 1 0 0 1 1 1 0 1
6 3


3 4
1 0 0 0 1 1 0 1 0 1 1 1
2 3

3 4
1 1 1 1 0 0 0 1 0 0 0 1
0 3

4 4
1 1 1 1 1 0 1 1 0 1 1 1 0 1 1 1
2 1

4 7
1 1 1 1 0 0 1 1 0 1 0 1 1 0 0 0 0 0 1 0 1 1 0 0 0 1 1 1 
2 5