3
446
98234 39512 11530 92875 46231 26255 28334 54380 94684 63462 75228 68361 33969 5687 85329 70914 31565 32722 84881 91349 82719 18431 53921 38086 53545 82266 24065 89733 52227 68198 75178 50461 7710 3059 43335 53940 29313 88020 24671 40349 51482 99899 8709 1802 5585 94037 72715 53501 26759 73947 44849 25829 8729 15122 63914 62274 97387 4331 52006 49613 72528 43535 16425 80237 46594 59759 50529 92258 64131 75199 32606 15612 75097 41315 17413 97033 35351 6479 50533 78461 96778 11734 20641 5506 26855 84555 67779 40593 88885 36136 6557 77764 79671 22982 58001 42616 99092 8529 34873 63222 79 83831 95185 75176 41497 28949 88560 93199 51780 55445 71660 48557 67178 92300 54062 10384 93206 38193 67328 98442 90680 73884 76206 86702 13217 50558 29317 12309 59086 80542 91882 59164 64372 87067 50691 5868 32367 55603 99066 84146 11047 87077 32702 94576 95729 3116 21311 5286 57660 4990 3728 48339 78873 96285 35041 8442 46842 80709 37102 22279 61250 45335 97794 41973 32401 48485 64192 64768 20439 79610 48913 47837 83038 97967 42412 95118 1082 80074 404 58741 85063 20483 23431 80287 16767 58471 88728 79960 39180 42181 2238 16781 87516 31 75106 36268 64867 55649 17387 1657 35258 66300 49493 34648 80618 8256 29765 98051 88329 30168 56791 73391 67002 80221 70030 120 55044 75109 80079 10575 17290 98668 43707 21157 98699 18812 57424 79917 90813 74811 81574 26070 57462 31066 60717 38079 39322 6834 36129 44002 53353 9271 33745 20355 5843 3774 20474 77238 78882 16905 87812 12523 15572 47871 33679 30622 83034 91103 26891 73846 82265 24816 99916 39726 55881 76984 94156 11554 83817 30284 71908 37170 55906 5652 73876 61748 25777 10701 38986 21010 43957 43149 33533 59529 91019 83563 6502 74053 91017 33392 47898 73281 58207 64165 29358 30440 41149 23513 58345 41317 53796 30252 94838 9701 52255 85065 87801 78031 95766 26786 99041 39722 69934 48925 15602 77305 32487 22104 51357 39856 71847 99254 29488 46406 63419 58846 76845 20919 82358 51541 78587 52506 81793 73425 78558 50399 58489 66358 28430 70606 9495 43822 10328 79429 92746 42281 73085 41584 64384 24441 81439 52583 40046 10927 98988 19816 86124 92184 57086 68481 43724 35673 37338 41868 9097 15896 8619 83937 82253 37048 70895 8100 80869 97574 87528 73614 39854 76964 31549 20590 1404 12988 73172 57801 40266 88511 77617 42741 97046 34702 27573 40769 70374 64911 98989 95822 80806 7607 96111 79410 61006 67005 87509 41874 64578 91388 31839 20783 68351 79739 41372 86106 9078 30895 43907 65695 19405 21523 8435 32802 72576 36008 89923 42950 918 88911 55123 98075 12869 67585 93836 90226 34589 97697 48451 15518 5436 96641 36301 73787 76379 94024 76244 85457 24919 20150
39650
5
1 2 3 4 5
11
5
2 4 6 8 10
7
