95
69
 1 10 325 2 6 208 3 7 417 4 35 26 5 20 345 6 75 266 7 91 385 8 21 22 9 14 238 10 40 359 11 47 196 12 80 94 13 46 400 14 30 7 15 91 399 16 24 299 17 8 101 18 71 431 19 9 67 20 64 106 21 24 429 22 14 240 23 62 415 24 54 235 25 95 328 26 76 346 27 40 342 28 94 456 29 16 138 30 89 324 31 76 7 32 60 114 33 97 484 34 3 331 35 38 206 36 36 167 37 7 162 38 30 450 39 38 21 40 49 436 41 82 485 42 79 225 43 34 74 44 65 273 45 49 350 46 9 454 47 68 277 48 13 169 49 1 465 50 24 16 51 36 291 52 5 160 53 62 295 54 17 87 55 23 0 56 85 18 57 96 157 58 32 16 59 41 130 60 32 149 61 3 443 62 20 393 63 62 24 64 41 334 65 50 415 66 6 365 67 25 238 68 34 364 69 51 488
51
 1 27 340 2 78 221 3 17 484 4 16 194 5 88 299 6 83 217 7 21 131 8 51 376 9 91 197 10 38 185 11 88 206 12 65 404 13 81 126 14 12 481 15 32 121 16 14 363 17 37 259 18 44 492 19 38 254 20 6 312 21 82 226 22 57 389 23 18 55 24 52 209 25 46 409 26 67 142 27 46 134 28 13 232 29 65 180 30 53 125 31 41 498 32 9 467 33 59 130 34 84 205 35 70 350 36 76 142 37 32 252 38 7 286 39 95 150 40 11 411 41 53 93 42 80 378 43 63 452 44 32 193 45 70 28 46 78 285 47 5 363 48 93 340 49 45 64 50 66 230 51 72 267
43
 1 56 371 2 78 129 3 76 406 4 69 89 5 43 69 6 49 48 7 63 95 8 79 194 9 17 243 10 22 216 11 21 432 12 26 314 13 59 238 14 4 8 15 32 479 16 50 199 17 28 489 18 47 381 19 70 156 20 78 417 21 17 465 22 12 79 23 74 180 24 23 491 25 60 343 26 75 397 27 11 381 28 71 53 29 13 423 30 2 476 31 75 146 32 35 104 33 85 356 34 64 382 35 51 308 36 73 442 37 22 468 38 0 38 39 81 148 40 43 276 41 73 441 42 75 470 43 76 237
46
 1 89 12 2 66 122 3 50 435 4 22 370 5 56 358 6 22 157 7 8 164 8 89 17 9 91 129 10 29 327 11 9 391 12 34 405 13 79 150 14 25 204 15 80 168 16 80 324 17 46 222 18 9 446 19 68 448 20 58 432 21 89 24 22 40 233 23 50 249 24 78 330 25 9 141 26 84 8 27 13 70 28 73 118 29 74 344 30 64 250 31 74 107 32 29 44 33 42 373 34 21 338 35 22 11 36 87 480 37 65 63 38 65 428 39 10 315 40 8 43 41 3 471 42 42 192 43 62 169 44 13 115 45 17 336 46 95 230
92
 1 24 126 2 69 165 3 38 315 4 89 332 5 19 170 6 35 353 7 18 499 8 9 402 9 10 413 10 17 433 11 75 254 12 16 486 13 51 442 14 59 105 15 0 81 16 8 451 17 68 377 18 92 29 19 61 159 20 29 481 21 86 80 22 80 417 23 19 56 24 70 41 25 74 30 26 36 287 27 73 301 28 43 53 29 10 476 30 58 255 31 6 410 32 87 118 33 47 27 34 86 331 35 65 8 36 40 367 37 84 351 38 8 20 39 14 104 40 86 378 41 17 388 42 90 122 43 27 142 44 18 285 45 40 37 46 48 176 47 94 99 48 26 87 49 19 293 50 1 164 51 31 84 52 87 242 53 14 316 54 20 47 55 77 28 56 69 406 57 80 294 58 36 311 59 96 408 60 45 55 61 83 137 62 36 245 63 33 230 64 23 214 65 78 104 66 40 177 67 71 409 68 77 327 69 27 385 70 66 497 71 55 4 72 99 387 73 98 136 74 96 87 75 94 294 76 83 341 77 87 78 78 60 371 79 85 272 80 76 183 81 12 463 82 25 416 83 95 483 84 21 302 85 52 322 86 27 487 87 26 259 88 47 478 89 65 424 90 70 143 91 85 412 92 90 206
24
 1 50 77 2 63 196 3 72 185 4 98 478 5 55 340 6 87 233 7 54 210 8 14 110 9 89 293 10 19 473 11 21 119 12 36 295 13 66 216 14 53 448 15 90 424 16 1 477 17 25 292 18 78 16 19 95 449 20 89 228 21 61 402 22 12 77 23 39 268 24 61 326
80
 1 33 152 2 25 151 3 87 228 4 46 441 5 95 488 6 78 370 7 72 324 8 50 71 9 1 388 10 35 299 11 41 481 12 94 138 13 2 370 14 9 62 15 24 281 16 33 441 17 92 57 18 37 158 19 51 131 20 19 84 21 6 298 22 23 250 23 21 30 24 71 325 25 24 74 26 55 6 27 96 65 28 35 349 29 12 451 30 32 196 31 89 388 32 97 17 33 27 433 34 65 286 35 70 478 36 29 36 37 86 29 38 59 252 39 77 459 40 85 330 41 89 53 42 19 440 43 42 37 44 88 406 45 55 54 46 94 72 47 89 444 48 78 443 49 29 116 50 47 295 51 31 452 52 81 76 53 80 470 54 81 392 55 23 109 56 62 167 57 59 264 58 1 133 59 40 101 60 7 290 61 62 347 62 91 301 63 96 304 64 20 169 65 64 326 66 30 219 67 95 148 68 70 463 69 55 327 70 36 103 71 70 430 72 94 99 73 84 230 74 83 496 75 38 476 76 23 191 77 44 352 78 56 115 79 36 441 80 19 429
53
 1 49 148 2 96 453 3 23 212 4 67 475 5 12 26 6 49 498 7 44 363 8 99 231 9 14 40 10 78 276 11 99 105 12 50 383 13 39 66 14 55 391 15 62 320 16 21 8 17 61 111 18 75 469 19 44 236 20 14 94 21 92 208 22 71 263 23 94 137 24 29 371 25 99 261 26 66 60 27 43 450 28 69 168 29 11 334 30 55 424 31 32 273 32 36 476 33 45 245 34 33 411 35 6 241 36 50 447 37 63 450 38 39 373 39 96 409 40 70 469 41 81 95 42 98 389 43 57 324 44 58 267 45 91 469 46 94 165 47 41 475 48 72 331 49 42 438 50 80 405 51 52 248 52 99 130 53 3 267
90
 1 52 177 2 47 459 3 92 47 4 45 88 5 46 16 6 27 212 7 55 467 8 61 192 9 86 230 10 2 392 11 87 124 12 56 59 13 64 87 14 86 138 15 94 31 16 8 129 17 88 446 18 45 408 19 96 133 20 49 291 21 55 142 22 61 28 23 73 463 24 45 23 25 67 259 26 35 348 27 59 254 28 42 244 29 82 23 30 55 480 31 61 376 32 22 263 33 23 50 34 83 20 35 11 20 36 14 184 37 65 18 38 33 476 39 51 138 40 49 379 41 27 470 42 77 484 43 80 486 44 10 271 45 3 463 46 91 417 47 32 65 48 67 366 49 86 56 50 76 2 51 38 197 52 67 442 53 70 103 54 41 401 55 80 121 56 44 490 57 27 359 58 97 21 59 44 407 60 22 59 61 76 247 62 12 414 63 80 9 64 17 279 65 33 166 66 15 345 67 87 172 68 75 134 69 35 58 70 31 369 71 11 167 72 78 327 73 48 390 74 98 76 75 87 492 76 92 372 77 86 464 78 25 256 79 36 418 80 84 242 81 87 21 82 93 151 83 86 226 84 36 469 85 90 173 86 41 168 87 95 401 88 92 71 89 47 196 90 40 442
35
 1 84 314 2 53 451 3 28 241 4 29 223 5 8 222 6 61 150 7 44 311 8 97 387 9 24 165 10 55 123 11 16 44 12 91 256 13 0 387 14 87 439 15 80 342 16 9 22 17 25 464 18 5 314 19 37 305 20 27 334 21 37 197 22 9 40 23 79 181 24 98 458 25 81 303 26 99 53 27 61 397 28 37 91 29 30 414 30 56 24 31 98 362 32 79 117 33 31 223 34 80 236 35 71 469
59
 1 60 166 2 27 299 3 78 441 4 91 486 5 19 234 6 85 44 7 57 169 8 6 376 9 59 471 10 80 330 11 28 473 12 52 197 13 29 303 14 83 389 15 12 450 16 68 442 17 93 72 18 65 496 19 34 171 20 57 356 21 52 253 22 22 43 23 71 309 24 33 80 25 10 382 26 56 213 27 62 138 28 41 360 29 1 243 30 45 476 31 18 413 32 37 14 33 62 11 34 35 54 35 62 196 36 1 144 37 39 14 38 76 76 39 56 311 40 45 161 41 74 67 42 57 253 43 14 488 44 32 351 45 27 67 46 33 277 47 43 98 48 61 22 49 77 5 50 53 348 51 93 339 52 6 355 53 31 32 54 95 382 55 43 87 56 6 241 57 46 269 58 9 64 59 67 312
93
 1 94 380 2 13 323 3 66 192 4 6 235 5 64 472 6 77 354 7 47 4 8 10 232 9 63 232 10 27 444 11 87 103 12 61 20 13 67 108 14 17 25 15 92 31 16 11 411 17 34 239 18 83 476 19 64 200 20 24 289 21 96 228 22 84 402 23 86 343 24 27 294 25 90 2 26 5 355 27 27 77 28 37 66 29 44 446 30 78 255 31 18 88 32 79 241 33 70 252 34 4 463 35 4 134 36 62 181 37 35 100 38 96 447 39 93 421 40 75 223 41 30 184 42 13 380 43 99 10 44 56 3 45 58 95 46 83 286 47 80 128 48 32 363 49 78 450 50 84 36 51 69 134 52 87 298 53 97 356 54 30 235 55 10 43 56 79 405 57 86 241 58 3 192 59 95 437 60 32 411 61 98 305 62 85 67 63 82 430 64 80 17 65 54 460 66 47 316 67 14 475 68 32 34 69 69 64 70 7 462 71 67 79 72 72 186 73 30 5 74 94 275 75 39 278 76 35 326 77 94 89 78 19 221 79 38 176 80 89 399 81 15 144 82 72 288 83 22 181 84 45 304 85 18 443 86 74 352 87 90 485 88 43 399 89 74 121 90 51 137 91 16 65 92 54 186 93 7 210
73
 1 98 238 2 79 424 3 39 494 4 66 367 5 41 173 6 18 270 7 40 336 8 11 123 9 65 226 10 21 110 11 36 486 12 89 58 13 74 54 14 8 276 15 35 436 16 27 382 17 6 385 18 80 458 19 78 298 20 71 346 21 69 71 22 8 241 23 16 209 24 87 471 25 33 82 26 20 208 27 19 421 28 75 10 29 38 345 30 82 184 31 18 173 32 59 161 33 19 76 34 74 291 35 37 297 36 21 197 37 91 458 38 68 129 39 52 359 40 41 455 41 16 385 42 6 214 43 24 135 44 32 134 45 18 362 46 87 466 47 27 88 48 64 298 49 89 99 50 48 391 51 88 79 52 37 469 53 98 231 54 91 205 55 13 402 56 87 384 57 98 381 58 68 446 59 80 174 60 36 200 61 67 250 62 38 276 63 74 146 64 45 2 65 93 16 66 95 494 67 15 334 68 17 132 69 90 266 70 68 360 71 45 55 72 36 308 73 54 343
56
 1 86 370 2 58 356 3 75 436 4 26 34 5 61 22 6 19 128 7 74 477 8 72 465 9 81 60 10 29 56 11 98 399 12 67 190 13 35 153 14 41 375 15 29 130 16 0 449 17 6 167 18 3 259 19 45 33 20 7 229 21 10 106 22 35 379 23 44 436 24 96 359 25 16 477 26 76 325 27 67 366 28 72 296 29 71 302 30 85 165 31 15 153 32 20 285 33 96 421 34 6 276 35 5 394 36 0 214 37 93 67 38 3 436 39 95 289 40 19 351 41 29 63 42 30 495 43 91 396 44 51 302 45 67 315 46 68 336 47 73 434 48 7 140 49 16 222 50 16 14 51 80 274 52 41 468 53 4 25 54 14 197 55 0 52 56 67 433
29
 1 49 281 2 24 178 3 81 51 4 71 239 5 7 417 6 42 157 7 65 348 8 16 464 9 80 379 10 59 390 11 84 401 12 5 336 13 2 133 14 33 209 15 77 288 16 69 315 17 45 426 18 30 493 19 33 426 20 43 53 21 10 292 22 92 437 23 2 75 24 6 109 25 51 334 26 35 117 27 53 435 28 68 393 29 54 456
54
 1 31 244 2 65 269 3 14 410 4 92 10 5 43 40 6 35 145 7 7 388 8 80 24 9 26 135 10 41 341 11 93 113 12 0 59 13 64 480 14 1 445 15 0 172 16 68 207 17 76 31 18 93 433 19 44 442 20 34 385 21 82 39 22 79 421 23 45 90 24 25 12 25 53 224 26 37 18 27 29 398 28 31 389 29 35 294 30 66 484 31 91 235 32 18 235 33 20 19 34 13 412 35 49 316 36 8 147 37 20 32 38 74 487 39 99 365 40 89 199 41 69 205 42 55 278 43 68 499 44 93 186 45 22 355 46 42 111 47 46 213 48 84 60 49 24 219 50 35 397 51 96 474 52 58 243 53 83 316 54 82 332
82
 1 23 31 2 52 139 3 95 402 4 22 451 5 44 133 6 56 277 7 71 356 8 54 221 9 6 131 10 8 125 11 61 203 12 0 282 13 40 256 14 39 416 15 50 324 16 7 274 17 65 74 18 28 159 19 11 360 20 94 250 21 79 207 22 15 150 23 71 450 24 33 322 25 47 29 26 85 241 27 75 460 28 69 185 29 53 15 30 91 260 31 34 256 32 30 398 33 58 300 34 12 158 35 60 169 36 28 6 37 8 491 38 41 144 39 66 232 40 61 374 41 68 413 42 26 346 43 83 343 44 11 295 45 55 189 46 45 402 47 1 442 48 42 127 49 37 359 50 80 106 51 13 397 52 88 108 53 4 473 54 5 181 55 7 70 56 36 319 57 17 375 58 19 62 59 9 253 60 42 430 61 32 264 62 6 239 63 18 485 64 44 300 65 7 355 66 52 76 67 37 372 68 97 492 69 73 141 70 64 255 71 74 80 72 8 252 73 14 443 74 96 27 75 57 23 76 39 138 77 29 141 78 27 346 79 98 447 80 54 323 81 52 405 82 29 258
89
 1 27 250 2 75 282 3 46 82 4 8 208 5 16 98 6 64 451 7 48 43 8 52 139 9 79 138 10 20 493 11 72 477 12 75 167 13 22 296 14 48 233 15 14 80 16 83 189 17 71 41 18 75 310 19 18 170 20 20 483 21 35 386 22 29 237 23 76 435 24 25 133 25 79 7 26 36 145 27 65 451 28 99 164 29 97 487 30 19 147 31 36 463 32 5 454 33 65 160 34 30 332 35 16 135 36 22 302 37 39 103 38 90 303 39 37 268 40 27 315 41 61 416 42 19 464 43 28 126 44 65 319 45 18 377 46 40 236 47 91 7 48 67 197 49 30 308 50 43 349 51 3 198 52 53 465 53 69 43 54 11 43 55 58 58 56 26 290 57 54 171 58 97 45 59 16 234 60 63 114 61 51 35 62 94 156 63 53 394 64 2 61 65 62 235 66 33 497 67 15 265 68 60 438 69 81 84 70 94 323 71 14 192 72 63 320 73 65 220 74 55 161 75 27 434 76 69 418 77 74 478 78 24 215 79 28 280 80 15 278 81 76 390 82 7 301 83 39 91 84 27 20 85 43 73 86 65 21 87 41 457 88 78 128 89 41 58
85
 1 69 492 2 13 255 3 30 247 4 72 28 5 56 110 6 77 102 7 78 398 8 58 130 9 70 321 10 0 278 11 21 443 12 60 221 13 14 431 14 61 188 15 30 325 16 69 446 17 1 99 18 98 335 19 15 383 20 45 22 21 25 372 22 22 175 23 5 355 24 77 380 25 10 27 26 22 229 27 51 132 28 15 382 29 71 217 30 94 376 31 74 253 32 4 64 33 99 227 34 63 402 35 77 114 36 38 308 37 83 254 38 9 313 39 93 141 40 68 138 41 68 204 42 88 491 43 73 171 44 88 103 45 31 296 46 49 283 47 99 357 48 84 253 49 8 98 50 64 47 51 8 285 52 39 403 53 16 43 54 84 0 55 39 261 56 17 353 57 96 359 58 30 357 59 12 69 60 66 270 61 5 143 62 52 415 63 21 104 64 54 437 65 36 29 66 66 119 67 74 396 68 40 205 69 57 442 70 55 476 71 81 196 72 55 225 73 82 377 74 47 437 75 8 395 76 90 165 77 32 465 78 70 243 79 32 453 80 34 476 81 47 220 82 17 0 83 5 321 84 15 409 85 37 115
71
 1 19 311 2 19 396 3 78 296 4 95 8 5 68 225 6 16 112 7 45 34 8 56 359 9 43 350 10 85 432 11 80 463 12 32 185 13 43 53 14 69 341 15 79 358 16 21 192 17 88 350 18 46 92 19 1 418 20 96 94 21 6 169 22 55 112 23 23 103 24 54 11 25 44 418 26 81 491 27 28 324 28 77 314 29 7 123 30 81 398 31 90 438 32 88 355 33 99 30 34 1 287 35 81 400 36 22 297 37 61 439 38 43 477 39 89 436 40 54 497 41 40 285 42 61 87 43 53 368 44 92 190 45 89 261 46 51 325 47 32 31 48 62 340 49 79 332 50 84 215 51 12 360 52 99 358 53 36 125 54 13 194 55 43 177 56 14 119 57 6 383 58 52 275 59 65 460 60 73 96 61 21 54 62 86 124 63 16 306 64 38 0 65 15 295 66 7 222 67 81 79 68 56 159 69 53 269 70 98 469 71 88 397
12
 1 94 132 2 36 387 3 4 106 4 31 332 5 6 111 6 49 8 7 76 412 8 2 49 9 16 324 10 31 124 11 57 47 12 3 490
78
 1 72 196 2 45 328 3 40 12 4 58 77 5 14 179 6 84 265 7 48 498 8 4 347 9 96 156 10 85 368 11 70 445 12 13 9 13 40 395 14 4 460 15 15 183 16 31 335 17 63 487 18 51 176 19 53 456 20 35 9 21 26 419 22 18 371 23 18 275 24 83 22 25 91 114 26 11 468 27 29 13 28 8 176 29 36 22 30 57 65 31 0 51 32 90 288 33 16 415 34 71 241 35 51 69 36 41 359 37 30 229 38 4 259 39 33 301 40 67 140 41 60 376 42 90 31 43 7 290 44 12 150 45 67 344 46 47 221 47 9 319 48 35 138 49 31 325 50 46 106 51 65 334 52 64 87 53 98 48 54 49 420 55 60 184 56 12 468 57 99 373 58 63 302 59 5 207 60 3 327 61 48 372 62 44 150 63 40 409 64 34 279 65 37 224 66 58 332 67 72 203 68 3 122 69 95 470 70 54 304 71 72 455 72 28 67 73 21 124 74 31 343 75 22 378 76 3 86 77 36 422 78 31 147
29
 1 17 426 2 15 453 3 63 250 4 22 70 5 73 338 6 33 344 7 51 477 8 2 188 9 69 270 10 91 226 11 9 64 12 39 222 13 25 495 14 83 361 15 45 472 16 50 312 17 17 462 18 64 265 19 36 481 20 19 438 21 83 361 22 91 52 23 92 486 24 56 293 25 19 313 26 30 99 27 21 280 28 75 169 29 30 146
58
 1 75 470 2 20 171 3 40 390 4 6 338 5 26 121 6 92 245 7 80 387 8 78 196 9 41 366 10 22 223 11 94 454 12 84 221 13 95 374 14 49 205 15 36 41 16 12 360 17 31 163 18 5 84 19 74 23 20 97 212 21 57 300 22 40 289 23 38 189 24 55 470 25 94 479 26 85 29 27 2 140 28 15 322 29 27 497 30 39 16 31 76 115 32 31 403 33 39 259 34 83 36 35 48 114 36 66 280 37 21 57 38 46 306 39 29 111 40 42 153 41 82 175 42 15 228 43 2 285 44 82 182 45 99 281 46 97 173 47 28 427 48 39 28 49 64 268 50 34 322 51 54 165 52 22 0 53 59 227 54 39 321 55 74 288 56 63 281 57 61 9 58 94 130
63
 1 28 313 2 64 45 3 94 454 4 82 143 5 82 322 6 38 150 7 36 356 8 10 255 9 78 237 10 96 390 11 81 151 12 77 36 13 99 362 14 76 486 15 32 481 16 94 191 17 36 61 18 15 10 19 54 382 20 56 249 21 52 336 22 45 295 23 50 488 24 25 207 25 97 380 26 83 473 27 9 178 28 93 361 29 99 360 30 42 321 31 12 332 32 45 488 33 51 101 34 83 112 35 61 5 36 93 40 37 87 113 38 54 238 39 46 89 40 70 31 41 57 395 42 26 205 43 66 366 44 79 319 45 40 266 46 98 273 47 13 152 48 5 195 49 7 464 50 21 89 51 81 20 52 34 15 53 5 168 54 57 440 55 71 403 56 51 79 57 85 328 58 47 77 59 96 203 60 69 478 61 51 388 62 92 419 63 14 216
98
 1 73 181 2 2 439 3 20 294 4 80 369 5 27 440 6 49 220 7 43 230 8 81 129 9 66 224 10 23 310 11 58 321 12 91 101 13 4 446 14 91 62 15 29 420 16 53 41 17 80 154 18 48 456 19 25 252 20 92 80 21 0 152 22 35 241 23 22 196 24 20 468 25 79 340 26 62 395 27 48 337 28 36 305 29 19 52 30 24 179 31 20 100 32 55 278 33 86 200 34 52 203 35 84 263 36 16 496 37 89 436 38 84 3 39 23 312 40 4 256 41 51 454 42 44 166 43 23 499 44 3 132 45 11 43 46 95 228 47 58 31 48 83 250 49 54 444 50 7 35 51 83 90 52 78 475 53 30 472 54 36 363 55 19 6 56 60 141 57 59 123 58 22 104 59 88 335 60 30 26 61 6 399 62 30 225 63 76 316 64 12 13 65 0 282 66 24 319 67 47 135 68 8 102 69 17 329 70 35 96 71 37 437 72 60 296 73 52 249 74 36 34 75 12 341 76 92 166 77 91 370 78 86 23 79 88 219 80 53 150 81 22 141 82 76 77 83 80 469 84 98 384 85 33 349 86 86 486 87 34 70 88 71 198 89 85 386 90 79 107 91 25 497 92 20 172 93 47 369 94 40 406 95 57 435 96 28 294 97 71 231 98 0 205
3
 1 50 441 2 74 253 3 91 188
97
 1 90 322 2 9 220 3 80 27 4 24 140 5 64 305 6 26 244 7 3 211 8 99 467 9 61 412 10 43 427 11 84 132 12 36 195 13 97 426 14 0 141 15 32 86 16 8 397 17 18 474 18 1 469 19 10 298 20 55 26 21 22 126 22 38 482 23 49 477 24 41 189 25 68 62 26 94 236 27 31 453 28 79 82 29 23 181 30 67 431 31 81 256 32 30 175 33 97 299 34 49 84 35 62 459 36 85 256 37 38 84 38 14 275 39 64 39 40 1 155 41 44 433 42 38 148 43 30 175 44 8 117 45 0 306 46 14 475 47 3 81 48 32 496 49 80 0 50 59 181 51 90 42 52 79 44 53 20 380 54 20 245 55 0 136 56 21 373 57 21 496 58 24 159 59 28 104 60 62 232 61 8 29 62 10 176 63 24 211 64 63 343 65 76 105 66 99 22 67 18 166 68 47 478 69 23 238 70 75 319 71 92 476 72 72 296 73 8 66 74 22 348 75 81 436 76 65 284 77 60 289 78 52 428 79 71 336 80 41 415 81 89 499 82 66 441 83 71 207 84 98 65 85 84 347 86 75 173 87 21 428 88 94 499 89 48 129 90 18 16 91 52 429 92 70 383 93 63 464 94 1 274 95 41 434 96 86 242 97 35 330
52
 1 59 389 2 87 369 3 53 358 4 33 212 5 34 33 6 28 384 7 32 15 8 33 396 9 49 13 10 35 169 11 32 365 12 66 209 13 50 119 14 5 261 15 48 432 16 74 209 17 78 159 18 17 361 19 74 183 20 16 402 21 87 460 22 75 96 23 45 19 24 85 409 25 30 246 26 11 320 27 82 262 28 81 130 29 91 484 30 17 138 31 47 39 32 99 91 33 4 425 34 60 68 35 71 378 36 38 29 37 25 258 38 29 166 39 27 322 40 68 14 41 87 357 42 19 32 43 62 69 44 53 353 45 91 405 46 44 322 47 65 191 48 16 495 49 64 70 50 0 429 51 58 35 52 45 139
35
 1 74 157 2 84 110 3 30 141 4 28 441 5 12 62 6 76 397 7 50 117 8 9 481 9 78 273 10 38 300 11 68 273 12 89 460 13 61 49 14 7 76 15 21 252 16 9 295 17 5 348 18 89 345 19 86 435 20 50 317 21 66 50 22 68 426 23 60 368 24 93 129 25 81 38 26 63 32 27 92 49 28 51 205 29 81 105 30 57 310 31 5 3 32 3 118 33 63 362 34 50 192 35 61 249
0

52
 1 78 279 2 47 320 3 49 390 4 28 141 5 25 82 6 31 444 7 49 369 8 75 82 9 93 430 10 85 184 11 3 350 12 13 340 13 32 266 14 68 363 15 15 245 16 76 20 17 92 493 18 36 24 19 17 493 20 75 164 21 60 42 22 63 206 23 41 461 24 44 90 25 75 386 26 88 29 27 22 78 28 96 301 29 16 254 30 52 64 31 84 83 32 77 228 33 4 276 34 69 165 35 29 121 36 15 344 37 3 142 38 3 279 39 21 396 40 34 347 41 29 496 42 26 222 43 76 451 44 57 123 45 87 244 46 28 261 47 90 124 48 0 257 49 22 446 50 68 22 51 18 103 52 45 435
21
 1 1 66 2 88 369 3 3 400 4 29 284 5 63 78 6 54 432 7 42 186 8 73 198 9 26 103 10 45 497 11 50 283 12 57 392 13 12 124 14 42 161 15 58 99 16 66 316 17 85 459 18 60 454 19 90 41 20 19 341 21 74 153
73
 1 16 191 2 17 123 3 2 219 4 17 266 5 16 137 6 95 261 7 73 492 8 35 356 9 14 172 10 90 3 11 40 426 12 86 496 13 39 81 14 52 127 15 53 444 16 36 477 17 1 369 18 41 53 19 19 103 20 92 458 21 19 188 22 32 287 23 95 144 24 68 367 25 22 462 26 40 359 27 7 263 28 96 26 29 5 146 30 91 249 31 26 259 32 28 227 33 32 327 34 82 421 35 31 303 36 91 227 37 66 450 38 46 24 39 43 362 40 76 115 41 26 466 42 81 416 43 94 33 44 32 277 45 26 299 46 58 123 47 2 253 48 32 39 49 60 334 50 37 67 51 94 192 52 94 481 53 5 160 54 74 293 55 8 100 56 18 50 57 18 86 58 71 499 59 77 112 60 64 3 61 26 155 62 8 322 63 13 328 64 14 193 65 60 26 66 18 152 67 33 406 68 66 64 69 57 490 70 90 441 71 43 117 72 3 361 73 60 14
27
 1 89 126 2 90 30 3 9 145 4 5 65 5 30 189 6 4 450 7 10 156 8 74 208 9 41 468 10 35 291 11 48 331 12 73 328 13 23 118 14 21 134 15 47 37 16 16 200 17 83 336 18 33 258 19 75 92 20 33 91 21 41 306 22 62 189 23 97 104 24 72 189 25 80 90 26 21 107 27 87 480
47
 1 11 98 2 72 33 3 80 200 4 16 472 5 55 69 6 54 327 7 2 499 8 85 345 9 87 308 10 23 174 11 72 343 12 15 312 13 92 162 14 36 375 15 62 272 16 71 335 17 68 325 18 78 143 19 67 101 20 70 446 21 73 23 22 74 424 23 70 128 24 88 359 25 34 9 26 52 411 27 23 458 28 72 119 29 94 367 30 92 408 31 95 9 32 86 363 33 58 464 34 65 64 35 11 177 36 52 87 37 11 136 38 64 427 39 38 133 40 94 53 41 64 172 42 82 346 43 18 40 44 7 455 45 15 312 46 73 399 47 14 311
60
 1 24 275 2 92 424 3 87 2 4 54 279 5 42 424 6 40 333 7 72 276 8 70 445 9 10 496 10 31 469 11 39 302 12 9 286 13 1 451 14 25 461 15 27 164 16 91 337 17 13 252 18 6 483 19 14 401 20 77 12 21 46 257 22 85 217 23 15 170 24 18 155 25 76 277 26 79 349 27 87 115 28 19 140 29 1 489 30 5 396 31 33 29 32 33 297 33 32 346 34 99 239 35 51 247 36 4 128 37 98 449 38 19 389 39 96 213 40 90 138 41 39 225 42 92 69 43 9 327 44 68 111 45 59 163 46 44 173 47 22 444 48 43 177 49 16 455 50 2 242 51 23 19 52 69 58 53 99 421 54 34 88 55 78 47 56 72 124 57 45 418 58 45 465 59 28 106 60 69 413
40
 1 65 438 2 61 84 3 27 342 4 10 216 5 70 322 6 45 130 7 99 328 8 27 466 9 52 39 10 18 174 11 99 76 12 73 388 13 33 116 14 44 79 15 1 398 16 88 36 17 21 366 18 61 449 19 17 200 20 22 23 21 53 287 22 67 419 23 37 104 24 44 446 25 21 189 26 17 114 27 2 272 28 88 90 29 22 487 30 37 284 31 21 223 32 41 277 33 27 294 34 94 354 35 78 96 36 36 17 37 88 383 38 40 203 39 50 26 40 15 336
23
 1 33 450 2 4 395 3 35 275 4 97 143 5 32 419 6 92 372 7 66 9 8 88 386 9 81 20 10 50 185 11 21 250 12 38 486 13 26 476 14 26 416 15 32 162 16 64 101 17 96 317 18 44 120 19 63 483 20 3 242 21 66 495 22 56 495 23 82 132
45
 1 15 5 2 55 130 3 3 365 4 55 93 5 71 379 6 58 172 7 56 433 8 49 459 9 8 325 10 69 221 11 84 291 12 94 363 13 30 331 14 40 42 15 76 462 16 19 485 17 67 243 18 8 427 19 20 222 20 1 215 21 87 292 22 77 311 23 71 395 24 20 179 25 0 431 26 22 490 27 5 237 28 20 269 29 63 35 30 50 460 31 45 439 32 82 169 33 96 264 34 86 142 35 57 469 36 61 440 37 51 97 38 92 338 39 69 374 40 5 65 41 55 270 42 7 28 43 49 112 44 48 279 45 40 312
50
 1 37 251 2 85 19 3 68 302 4 40 279 5 88 437 6 98 80 7 84 85 8 30 388 9 58 58 10 16 495 11 2 380 12 39 96 13 45 14 14 62 18 15 10 57 16 60 12 17 84 148 18 2 445 19 76 352 20 89 294 21 27 64 22 50 339 23 79 411 24 21 80 25 75 337 26 69 37 27 85 477 28 43 308 29 79 230 30 87 6 31 70 289 32 89 447 33 44 106 34 58 443 35 90 320 36 85 99 37 90 317 38 80 387 39 19 370 40 59 401 41 91 246 42 23 129 43 89 276 44 59 418 45 76 468 46 10 146 47 46 147 48 5 251 49 95 190 50 63 416
37
 1 0 15 2 6 454 3 34 487 4 6 28 5 87 287 6 30 52 7 27 216 8 6 59 9 18 397 10 74 326 11 36 416 12 62 173 13 78 40 14 35 405 15 68 194 16 62 224 17 78 368 18 7 220 19 48 64 20 51 365 21 69 335 22 4 134 23 93 248 24 45 262 25 88 463 26 79 319 27 92 377 28 17 242 29 47 271 30 17 4 31 28 267 32 35 379 33 99 258 34 22 194 35 59 199 36 87 25 37 11 328
91
 1 4 76 2 21 405 3 93 167 4 99 393 5 85 222 6 91 141 7 40 8 8 26 495 9 75 407 10 94 57 11 9 185 12 7 88 13 47 208 14 95 385 15 96 327 16 3 238 17 43 453 18 72 476 19 21 489 20 11 371 21 64 459 22 67 55 23 50 4 24 11 145 25 3 478 26 63 157 27 45 212 28 72 23 29 60 244 30 71 368 31 58 8 32 61 326 33 55 102 34 91 286 35 57 376 36 35 154 37 9 374 38 78 155 39 0 112 40 42 142 41 99 3 42 67 105 43 80 397 44 41 340 45 8 240 46 49 213 47 39 18 48 20 62 49 48 194 50 23 63 51 18 358 52 32 258 53 13 279 54 43 462 55 4 66 56 69 185 57 91 256 58 53 137 59 29 271 60 64 146 61 59 37 62 55 113 63 75 251 64 45 28 65 91 24 66 82 220 67 79 161 68 93 466 69 28 244 70 10 36 71 22 385 72 93 232 73 21 365 74 88 498 75 44 50 76 39 352 77 65 4 78 7 346 79 26 141 80 17 404 81 25 170 82 83 251 83 17 456 84 52 476 85 65 497 86 34 363 87 47 87 88 4 227 89 77 20 90 70 292 91 45 222
61
 1 62 78 2 85 59 3 86 455 4 72 89 5 66 456 6 39 75 7 92 22 8 75 116 9 33 142 10 76 290 11 89 420 12 76 456 13 33 109 14 31 368 15 65 107 16 85 392 17 51 328 18 83 222 19 12 89 20 45 108 21 83 378 22 53 185 23 53 328 24 70 328 25 70 486 26 58 198 27 6 59 28 68 186 29 54 40 30 47 199 31 43 272 32 0 185 33 7 246 34 36 235 35 43 71 36 2 381 37 18 27 38 55 55 39 35 423 40 9 177 41 27 205 42 64 19 43 5 234 44 26 284 45 35 112 46 84 273 47 58 278 48 24 336 49 71 218 50 89 360 51 94 415 52 94 91 53 46 12 54 88 1 55 30 381 56 38 49 57 69 257 58 91 54 59 38 126 60 38 117 61 43 173
74
 1 53 303 2 80 310 3 82 271 4 61 392 5 86 149 6 95 152 7 51 351 8 39 296 9 78 384 10 23 188 11 9 435 12 79 377 13 68 88 14 78 248 15 43 93 16 49 153 17 63 397 18 20 429 19 21 197 20 98 81 21 86 160 22 63 493 23 41 237 24 73 2 25 42 171 26 7 296 27 26 4 28 92 238 29 38 446 30 39 270 31 23 182 32 79 140 33 69 239 34 88 451 35 33 243 36 3 339 37 84 471 38 60 266 39 20 178 40 49 33 41 82 14 42 18 308 43 46 208 44 6 110 45 33 237 46 19 397 47 38 156 48 47 350 49 1 107 50 50 388 51 27 186 52 57 105 53 23 411 54 41 69 55 3 343 56 58 291 57 99 285 58 45 228 59 39 498 60 35 351 61 48 424 62 32 154 63 56 286 64 46 180 65 20 157 66 96 448 67 6 147 68 10 353 69 75 129 70 73 352 71 95 378 72 15 183 73 11 94 74 44 360
2
 1 79 211 2 11 26
85
 1 50 459 2 91 393 3 51 48 4 48 411 5 10 99 6 4 254 7 84 172 8 24 79 9 57 209 10 92 371 11 66 472 12 32 155 13 58 262 14 94 395 15 59 136 16 47 479 17 25 361 18 9 438 19 1 128 20 27 257 21 12 111 22 84 31 23 11 248 24 57 160 25 32 68 26 93 201 27 8 350 28 12 77 29 25 318 30 55 406 31 38 384 32 45 402 33 93 315 34 43 6 35 15 394 36 58 170 37 1 479 38 27 494 39 54 312 40 33 36 41 37 38 42 40 478 43 55 298 44 16 205 45 63 380 46 16 71 47 26 53 48 68 213 49 19 19 50 65 311 51 81 335 52 66 123 53 17 35 54 99 394 55 30 124 56 14 284 57 62 20 58 18 255 59 12 170 60 50 434 61 58 275 62 29 19 63 32 36 64 55 49 65 61 304 66 91 320 67 44 194 68 29 157 69 3 413 70 37 281 71 65 186 72 6 52 73 59 180 74 50 376 75 62 471 76 98 252 77 71 372 78 8 279 79 29 356 80 12 315 81 36 190 82 36 3 83 12 432 84 45 318 85 99 416
35
 1 16 102 2 60 139 3 98 48 4 98 388 5 50 121 6 19 151 7 74 275 8 83 499 9 80 130 10 42 499 11 87 370 12 58 497 13 10 271 14 68 276 15 27 426 16 80 203 17 42 96 18 44 40 19 28 492 20 13 43 21 46 330 22 5 185 23 36 320 24 51 141 25 92 216 26 38 445 27 43 479 28 50 396 29 25 305 30 83 70 31 74 252 32 48 463 33 55 468 34 13 345 35 88 135
78
 1 34 465 2 23 463 3 51 254 4 57 416 5 8 67 6 57 355 7 98 239 8 41 106 9 31 455 10 38 411 11 37 235 12 36 1 13 8 6 14 19 281 15 21 343 16 60 449 17 13 455 18 61 435 19 51 264 20 84 471 21 78 259 22 50 393 23 99 476 24 31 191 25 3 482 26 70 321 27 22 140 28 98 6 29 39 30 30 25 169 31 19 12 32 67 385 33 21 384 34 0 380 35 3 172 36 84 184 37 78 381 38 9 134 39 78 429 40 12 492 41 13 281 42 73 482 43 40 487 44 69 124 45 93 331 46 43 94 47 80 264 48 48 162 49 94 301 50 25 149 51 85 98 52 31 461 53 48 115 54 45 393 55 85 126 56 59 309 57 91 51 58 90 32 59 56 483 60 14 260 61 54 302 62 66 157 63 19 186 64 39 67 65 68 213 66 63 17 67 78 253 68 21 347 69 40 426 70 4 118 71 27 477 72 80 163 73 48 70 74 53 271 75 83 204 76 58 219 77 28 237 78 76 277
47
 1 67 344 2 12 112 3 28 484 4 15 17 5 38 475 6 67 241 7 98 356 8 35 44 9 25 161 10 9 205 11 10 48 12 31 266 13 24 329 14 57 20 15 96 401 16 97 456 17 21 264 18 0 361 19 79 401 20 28 415 21 9 469 22 78 295 23 91 7 24 68 313 25 19 116 26 16 230 27 48 481 28 63 447 29 68 472 30 26 220 31 29 116 32 32 323 33 37 302 34 55 333 35 48 416 36 85 283 37 78 257 38 64 63 39 29 269 40 38 285 41 67 248 42 81 254 43 54 215 44 39 244 45 17 22 46 38 265 47 41 346
23
 1 78 0 2 55 56 3 56 246 4 83 190 5 20 414 6 30 47 7 76 241 8 79 167 9 86 376 10 57 86 11 40 101 12 41 202 13 19 14 14 4 258 15 51 217 16 69 227 17 83 381 18 27 476 19 66 292 20 6 111 21 10 138 22 79 88 23 8 138
59
 1 94 366 2 75 297 3 37 448 4 41 229 5 48 451 6 55 199 7 3 317 8 38 183 9 18 484 10 64 214 11 32 110 12 68 427 13 89 370 14 50 109 15 17 427 16 45 461 17 58 63 18 11 320 19 50 47 20 50 452 21 4 150 22 68 305 23 40 107 24 91 58 25 25 11 26 73 407 27 34 357 28 80 142 29 51 123 30 2 330 31 43 320 32 83 47 33 20 253 34 0 395 35 99 270 36 20 150 37 7 203 38 10 240 39 51 148 40 11 254 41 61 276 42 33 484 43 78 348 44 23 65 45 47 81 46 1 78 47 77 390 48 43 137 49 84 197 50 19 295 51 45 83 52 87 92 53 84 105 54 5 449 55 3 335 56 11 116 57 52 217 58 17 97 59 62 431
40
 1 10 12 2 66 170 3 48 300 4 96 403 5 39 197 6 17 91 7 89 222 8 61 109 9 93 346 10 51 311 11 66 129 12 92 67 13 19 435 14 52 189 15 52 302 16 15 445 17 15 114 18 14 81 19 36 115 20 13 62 21 6 475 22 49 330 23 91 395 24 93 411 25 74 84 26 65 44 27 63 292 28 28 10 29 99 482 30 37 80 31 77 403 32 17 452 33 85 493 34 60 284 35 46 73 36 0 273 37 55 204 38 51 449 39 12 246 40 83 44
38
 1 0 88 2 51 431 3 59 110 4 62 386 5 23 91 6 69 417 7 35 327 8 12 314 9 74 71 10 69 285 11 37 400 12 55 474 13 25 486 14 51 454 15 89 470 16 10 189 17 20 89 18 52 462 19 0 279 20 71 66 21 83 75 22 2 192 23 6 270 24 41 466 25 3 280 26 80 463 27 89 140 28 26 388 29 42 214 30 36 177 31 19 183 32 72 299 33 13 339 34 71 176 35 42 313 36 88 194 37 86 78 38 48 142
44
 1 42 108 2 11 24 3 57 357 4 46 351 5 29 297 6 39 212 7 49 359 8 78 174 9 98 48 10 61 269 11 92 475 12 69 326 13 66 286 14 24 147 15 48 208 16 16 268 17 45 390 18 47 27 19 30 54 20 51 393 21 57 59 22 70 342 23 16 206 24 6 348 25 70 314 26 41 119 27 97 62 28 1 211 29 10 363 30 71 77 31 98 58 32 0 239 33 18 343 34 97 47 35 92 348 36 60 100 37 42 250 38 8 30 39 31 458 40 72 267 41 38 201 42 15 414 43 77 36 44 99 316
87
 1 23 394 2 44 246 3 46 62 4 81 287 5 36 446 6 90 381 7 41 136 8 78 340 9 1 172 10 55 388 11 60 268 12 6 456 13 71 426 14 3 394 15 94 240 16 86 91 17 89 469 18 31 430 19 69 235 20 33 64 21 98 105 22 93 124 23 64 439 24 63 23 25 11 317 26 37 218 27 26 423 28 2 296 29 90 98 30 38 457 31 0 336 32 5 176 33 6 89 34 77 189 35 53 175 36 32 210 37 34 51 38 43 77 39 0 151 40 20 158 41 77 363 42 38 258 43 54 403 44 53 340 45 50 244 46 33 43 47 19 50 48 40 238 49 27 177 50 52 169 51 79 33 52 36 336 53 13 66 54 17 131 55 90 13 56 28 37 57 47 167 58 22 367 59 59 201 60 98 128 61 23 209 62 60 231 63 21 95 64 72 252 65 21 101 66 34 125 67 61 152 68 18 422 69 54 227 70 40 287 71 25 344 72 63 321 73 40 324 74 26 285 75 65 99 76 61 176 77 59 289 78 84 273 79 77 432 80 33 8 81 85 298 82 2 167 83 42 299 84 26 21 85 8 496 86 40 118 87 39 485
3
 1 79 310 2 88 340 3 58 431
16
 1 99 444 2 17 327 3 59 335 4 43 446 5 96 293 6 12 329 7 28 398 8 71 254 9 2 6 10 24 432 11 17 294 12 49 416 13 95 79 14 19 190 15 0 178 16 74 187
99
 1 43 14 2 74 434 3 77 489 4 85 419 5 83 458 6 38 484 7 7 190 8 92 444 9 21 39 10 9 87 11 36 337 12 32 240 13 60 478 14 78 263 15 37 399 16 14 429 17 63 281 18 22 40 19 11 493 20 3 208 21 44 394 22 84 242 23 38 151 24 43 377 25 16 459 26 96 352 27 92 252 28 83 381 29 96 304 30 4 413 31 43 233 32 66 470 33 62 58 34 3 489 35 49 173 36 67 207 37 1 93 38 96 4 39 33 191 40 51 139 41 43 49 42 53 299 43 80 436 44 92 236 45 50 176 46 62 148 47 18 345 48 55 480 49 69 332 50 5 159 51 18 370 52 63 425 53 81 19 54 10 412 55 3 14 56 63 213 57 13 247 58 83 216 59 5 193 60 22 127 61 76 307 62 4 484 63 16 246 64 79 259 65 18 286 66 8 84 67 61 488 68 7 324 69 36 142 70 56 70 71 83 139 72 86 71 73 40 148 74 94 421 75 49 445 76 4 416 77 52 325 78 71 108 79 19 68 80 6 150 81 87 138 82 26 215 83 39 300 84 95 486 85 8 127 86 66 451 87 75 43 88 92 5 89 26 15 90 12 386 91 54 475 92 52 268 93 28 406 94 26 76 95 78 447 96 85 33 97 0 17 98 18 64 99 2 491
13
 1 10 118 2 84 416 3 43 205 4 97 389 5 68 10 6 22 135 7 89 495 8 48 442 9 70 195 10 22 76 11 54 118 12 55 407 13 7 172
71
 1 98 342 2 55 373 3 35 468 4 52 223 5 67 241 6 90 94 7 14 377 8 52 126 9 67 109 10 9 346 11 17 463 12 37 185 13 92 487 14 42 96 15 55 364 16 58 14 17 39 453 18 73 13 19 88 127 20 20 125 21 71 307 22 37 210 23 88 37 24 47 441 25 87 456 26 71 108 27 94 156 28 43 108 29 4 338 30 2 186 31 52 11 32 16 260 33 25 143 34 70 89 35 66 65 36 25 490 37 53 138 38 27 262 39 3 241 40 49 174 41 35 342 42 99 320 43 80 281 44 19 142 45 80 484 46 47 173 47 85 84 48 28 163 49 52 410 50 27 350 51 93 319 52 57 52 53 14 246 54 39 336 55 11 369 56 64 389 57 9 146 58 27 63 59 57 490 60 26 398 61 71 90 62 26 174 63 37 356 64 18 106 65 57 90 66 9 445 67 50 150 68 48 218 69 54 164 70 86 87 71 76 417
50
 1 38 415 2 94 365 3 22 28 4 54 92 5 63 364 6 91 380 7 18 19 8 89 497 9 6 160 10 21 435 11 85 308 12 56 491 13 45 301 14 39 496 15 72 315 16 30 341 17 6 362 18 90 277 19 69 481 20 45 97 21 29 385 22 56 88 23 38 399 24 59 246 25 33 244 26 53 480 27 71 318 28 71 461 29 57 369 30 84 11 31 4 282 32 44 266 33 43 411 34 44 387 35 36 265 36 50 89 37 30 165 38 65 258 39 4 468 40 12 124 41 57 37 42 7 117 43 79 280 44 1 31 45 94 388 46 70 37 47 56 98 48 9 167 49 54 199 50 16 253
90
 1 18 195 2 77 55 3 72 77 4 33 45 5 9 449 6 6 323 7 30 227 8 58 38 9 40 61 10 55 46 11 69 429 12 85 406 13 15 236 14 42 137 15 53 21 16 68 384 17 91 124 18 1 145 19 42 264 20 13 486 21 9 151 22 30 471 23 61 340 24 53 388 25 87 253 26 83 61 27 67 208 28 44 268 29 5 234 30 7 438 31 22 211 32 35 27 33 72 113 34 77 388 35 74 214 36 18 442 37 13 184 38 76 448 39 89 275 40 80 481 41 42 476 42 84 63 43 84 361 44 48 480 45 18 441 46 52 407 47 35 92 48 5 339 49 27 459 50 26 83 51 77 454 52 38 244 53 44 291 54 18 366 55 47 233 56 61 150 57 14 242 58 3 97 59 77 250 60 91 403 61 11 347 62 39 196 63 35 98 64 57 497 65 80 115 66 69 435 67 79 309 68 52 59 69 25 76 70 9 222 71 73 272 72 66 223 73 20 439 74 89 470 75 25 250 76 97 380 77 28 388 78 86 389 79 86 464 80 31 396 81 31 318 82 27 352 83 11 363 84 39 80 85 2 188 86 60 100 87 23 27 88 66 327 89 49 144 90 94 155
26
 1 43 388 2 16 115 3 53 232 4 70 132 5 63 349 6 33 288 7 68 415 8 78 396 9 87 200 10 54 366 11 79 287 12 63 382 13 48 358 14 7 107 15 53 356 16 44 85 17 0 48 18 33 60 19 45 6 20 55 103 21 44 108 22 76 240 23 88 364 24 64 54 25 21 175 26 15 418
0

52
 1 10 278 2 37 1 3 9 317 4 54 442 5 90 453 6 65 307 7 13 123 8 79 410 9 71 168 10 61 323 11 87 247 12 53 249 13 25 103 14 21 426 15 78 92 16 70 26 17 27 188 18 57 459 19 1 88 20 93 112 21 19 243 22 19 258 23 21 232 24 52 298 25 73 244 26 43 13 27 63 12 28 15 496 29 23 40 30 32 488 31 14 301 32 90 354 33 65 393 34 81 199 35 11 418 36 61 374 37 85 230 38 14 380 39 30 358 40 2 67 41 32 3 42 67 445 43 93 47 44 87 482 45 23 216 46 70 71 47 25 189 48 83 212 49 11 442 50 60 416 51 43 75 52 5 22
28
 1 72 254 2 85 486 3 40 39 4 23 288 5 8 237 6 30 371 7 58 490 8 65 99 9 69 382 10 59 355 11 90 33 12 96 102 13 62 206 14 1 371 15 29 484 16 39 329 17 67 1 18 92 376 19 16 459 20 96 215 21 86 24 22 67 227 23 26 397 24 79 32 25 39 147 26 32 438 27 40 29 28 88 328
3
 1 89 52 2 33 339 3 30 471
34
 1 6 490 2 50 178 3 93 323 4 47 498 5 25 332 6 29 214 7 99 403 8 50 8 9 98 338 10 20 82 11 63 339 12 94 308 13 49 167 14 52 33 15 16 272 16 63 238 17 16 122 18 97 65 19 63 161 20 93 145 21 11 289 22 92 222 23 82 162 24 1 95 25 29 381 26 20 73 27 33 144 28 63 266 29 51 182 30 7 115 31 53 467 32 42 70 33 87 121 34 83 239
50
 1 76 236 2 0 191 3 36 499 4 33 462 5 15 183 6 12 314 7 86 388 8 21 209 9 72 152 10 4 156 11 63 340 12 93 123 13 65 385 14 72 167 15 50 157 16 93 274 17 18 226 18 77 193 19 8 54 20 89 11 21 77 323 22 12 153 23 62 64 24 68 185 25 93 87 26 27 224 27 0 156 28 93 472 29 39 265 30 22 117 31 92 441 32 68 168 33 61 210 34 16 97 35 60 369 36 45 205 37 58 490 38 6 109 39 94 73 40 60 474 41 51 488 42 96 439 43 11 251 44 68 390 45 7 403 46 44 143 47 11 251 48 13 364 49 14 24 50 46 429
74
 1 91 486 2 97 264 3 70 400 4 46 270 5 30 497 6 0 386 7 83 221 8 84 151 9 71 125 10 84 387 11 84 14 12 77 236 13 49 300 14 14 202 15 0 331 16 17 241 17 5 91 18 43 14 19 36 28 20 77 241 21 28 418 22 39 277 23 80 363 24 40 124 25 63 151 26 18 324 27 12 447 28 48 195 29 97 462 30 45 214 31 55 197 32 40 314 33 81 313 34 41 335 35 77 317 36 36 70 37 47 57 38 20 227 39 3 127 40 30 260 41 36 67 42 66 148 43 44 349 44 63 466 45 81 93 46 43 308 47 74 136 48 49 135 49 71 155 50 73 142 51 12 400 52 57 61 53 88 59 54 38 229 55 41 492 56 11 21 57 69 277 58 78 277 59 44 365 60 59 141 61 1 277 62 13 454 63 89 276 64 31 215 65 57 60 66 12 256 67 17 422 68 33 269 69 50 458 70 2 372 71 93 191 72 69 213 73 42 414 74 80 447
38
 1 91 441 2 42 215 3 81 45 4 34 370 5 54 196 6 5 47 7 59 410 8 80 327 9 13 481 10 31 390 11 92 385 12 30 23 13 44 257 14 99 396 15 28 143 16 84 38 17 5 119 18 16 179 19 49 86 20 34 3 21 50 203 22 66 40 23 19 261 24 94 46 25 36 232 26 69 278 27 53 480 28 37 451 29 48 497 30 92 188 31 26 376 32 48 77 33 8 184 34 70 364 35 67 9 36 65 405 37 97 269 38 83 31
16
 1 77 429 2 17 101 3 70 107 4 60 197 5 86 374 6 22 109 7 2 474 8 53 450 9 98 31 10 39 237 11 7 15 12 82 148 13 13 264 14 61 4 15 87 96 16 25 430
16
 1 42 383 2 5 324 3 36 291 4 77 179 5 53 46 6 48 52 7 5 204 8 54 31 9 70 194 10 53 221 11 56 170 12 36 318 13 31 460 14 99 332 15 10 161 16 96 415
4
 1 2 91 2 28 96 3 25 381 4 35 426
29
 1 91 426 2 57 386 3 80 397 4 19 479 5 49 134 6 4 75 7 87 237 8 22 35 9 49 86 10 53 132 11 88 445 12 47 445 13 25 236 14 62 381 15 68 251 16 77 191 17 78 411 18 8 486 19 65 10 20 44 279 21 6 466 22 4 448 23 36 93 24 31 126 25 10 385 26 82 385 27 82 398 28 35 182 29 63 7
49
 1 31 110 2 39 292 3 70 194 4 54 125 5 42 381 6 77 134 7 92 408 8 12 178 9 14 138 10 69 238 11 48 251 12 33 406 13 88 99 14 34 115 15 30 447 16 9 335 17 27 313 18 7 48 19 25 350 20 83 362 21 48 319 22 28 460 23 90 392 24 30 340 25 31 4 26 7 52 27 58 131 28 30 41 29 8 399 30 98 316 31 51 39 32 4 108 33 8 279 34 29 212 35 26 386 36 5 212 37 24 274 38 66 433 39 26 15 40 71 49 41 1 57 42 88 479 43 72 411 44 62 419 45 87 232 46 71 361 47 21 239 48 70 328 49 40 329
99
 1 66 67 2 73 63 3 39 92 4 58 58 5 84 306 6 78 159 7 60 93 8 82 9 9 81 24 10 86 53 11 40 465 12 89 399 13 20 231 14 1 417 15 57 402 16 69 452 17 15 275 18 67 94 19 53 307 20 13 477 21 37 189 22 83 143 23 52 249 24 73 417 25 22 385 26 51 312 27 63 314 28 46 440 29 57 136 30 38 499 31 52 166 32 41 359 33 6 319 34 26 160 35 37 459 36 0 92 37 35 274 38 24 135 39 52 240 40 25 149 41 61 226 42 41 328 43 20 25 44 13 439 45 38 477 46 95 51 47 62 390 48 10 436 49 48 68 50 79 188 51 80 86 52 60 380 53 15 368 54 8 236 55 86 420 56 46 85 57 14 347 58 24 39 59 78 34 60 64 89 61 40 417 62 59 359 63 48 255 64 23 221 65 62 448 66 34 203 67 35 42 68 62 247 69 83 302 70 22 370 71 8 369 72 69 221 73 60 222 74 8 145 75 35 239 76 8 324 77 36 227 78 82 167 79 41 36 80 84 158 81 61 3 82 97 19 83 66 148 84 50 160 85 82 101 86 71 25 87 46 190 88 64 392 89 37 358 90 97 373 91 49 272 92 52 457 93 77 85 94 21 334 95 92 218 96 73 458 97 77 205 98 5 470 99 82 95
56
 1 65 196 2 19 33 3 31 55 4 20 411 5 49 489 6 39 45 7 94 73 8 25 396 9 73 180 10 53 112 11 56 443 12 68 111 13 40 14 14 19 339 15 73 387 16 36 227 17 60 38 18 46 455 19 67 391 20 33 118 21 63 168 22 93 172 23 20 109 24 41 371 25 83 146 26 89 147 27 58 291 28 5 458 29 49 51 30 38 25 31 52 322 32 13 374 33 82 365 34 8 159 35 29 401 36 69 341 37 13 292 38 53 14 39 85 434 40 80 395 41 42 220 42 12 21 43 31 152 44 55 317 45 94 332 46 7 494 47 20 447 48 12 220 49 31 402 50 3 272 51 14 360 52 4 224 53 91 479 54 65 109 55 4 476 56 49 197
98
 1 61 71 2 2 403 3 58 230 4 25 87 5 46 304 6 25 224 7 88 18 8 49 279 9 35 160 10 74 461 11 17 11 12 2 106 13 71 278 14 35 431 15 80 69 16 40 33 17 88 393 18 75 394 19 33 247 20 3 400 21 76 279 22 97 280 23 12 364 24 77 398 25 11 347 26 10 3 27 9 380 28 59 165 29 96 333 30 2 294 31 79 428 32 73 394 33 40 468 34 67 148 35 1 326 36 5 470 37 51 377 38 94 255 39 53 163 40 62 471 41 74 217 42 97 424 43 89 436 44 69 256 45 2 37 46 17 23 47 69 82 48 50 490 49 39 261 50 87 469 51 39 392 52 69 193 53 0 42 54 57 215 55 86 305 56 22 271 57 48 13 58 1 120 59 28 137 60 27 70 61 45 131 62 65 344 63 87 214 64 75 467 65 36 178 66 70 63 67 8 227 68 22 191 69 7 408 70 65 179 71 3 445 72 10 88 73 60 351 74 40 111 75 33 140 76 23 367 77 64 478 78 44 188 79 55 103 80 81 372 81 87 443 82 71 351 83 94 395 84 55 293 85 24 301 86 99 220 87 60 479 88 30 409 89 73 220 90 61 23 91 42 406 92 37 484 93 25 306 94 61 133 95 5 180 96 76 42 97 45 292 98 39 147
40
 1 46 292 2 68 293 3 92 119 4 79 448 5 30 154 6 27 0 7 13 5 8 48 285 9 74 49 10 74 406 11 68 8 12 13 107 13 83 210 14 8 158 15 97 82 16 26 448 17 93 244 18 15 194 19 94 486 20 92 494 21 46 477 22 82 371 23 56 411 24 61 230 25 37 31 26 39 387 27 46 157 28 19 404 29 62 429 30 63 27 31 27 112 32 8 89 33 36 421 34 59 423 35 69 130 36 7 251 37 22 116 38 27 90 39 72 130 40 13 340
61
 1 52 80 2 26 318 3 38 309 4 23 356 5 71 65 6 93 335 7 43 161 8 49 166 9 25 318 10 88 279 11 39 28 12 2 56 13 35 181 14 5 132 15 46 276 16 8 367 17 85 50 18 59 134 19 42 75 20 93 83 21 70 414 22 27 238 23 4 166 24 84 76 25 7 329 26 9 424 27 80 446 28 79 211 29 43 268 30 96 185 31 52 341 32 92 104 33 38 89 34 17 103 35 38 81 36 95 10 37 48 309 38 27 274 39 50 4 40 85 163 41 88 57 42 56 394 43 5 420 44 40 335 45 20 300 46 42 436 47 40 424 48 66 34 49 37 131 50 12 383 51 93 176 52 37 59 53 33 493 54 97 164 55 27 35 56 92 182 57 76 267 58 40 448 59 36 181 60 81 80 61 17 8
23
 1 9 433 2 99 9 3 99 40 4 4 34 5 27 27 6 64 163 7 48 420 8 17 380 9 59 383 10 28 99 11 27 179 12 71 128 13 64 208 14 41 151 15 20 273 16 58 17 17 26 282 18 22 209 19 43 25 20 4 279 21 94 170 22 42 120 23 0 143
59
 1 12 378 2 6 310 3 37 91 4 62 335 5 99 397 6 90 165 7 38 224 8 34 307 9 86 320 10 42 343 11 86 63 12 68 273 13 68 108 14 2 88 15 41 211 16 41 113 17 23 353 18 96 148 19 35 112 20 61 310 21 27 286 22 11 152 23 59 365 24 85 145 25 41 497 26 61 180 27 53 279 28 40 381 29 69 21 30 84 142 31 56 410 32 15 26 33 74 31 34 96 263 35 25 9 36 95 357 37 9 253 38 18 158 39 56 321 40 18 304 41 84 497 42 28 231 43 12 289 44 11 368 45 11 434 46 96 395 47 21 119 48 50 312 49 27 95 50 56 498 51 56 353 52 6 104 53 62 365 54 38 76 55 80 270 56 67 357 57 40 216 58 6 248 59 16 53
69
 1 79 487 2 83 64 3 86 98 4 1 347 5 75 433 6 42 99 7 7 480 8 86 346 9 60 173 10 63 14 11 95 231 12 50 420 13 13 463 14 21 98 15 15 266 16 5 490 17 55 46 18 45 140 19 88 393 20 78 98 21 49 115 22 47 420 23 18 357 24 82 385 25 99 79 26 62 445 27 18 146 28 10 12 29 11 431 30 49 283 31 74 178 32 24 154 33 94 181 34 74 221 35 71 134 36 1 104 37 25 221 38 30 48 39 33 495 40 74 312 41 57 185 42 31 88 43 1 327 44 58 293 45 77 64 46 42 307 47 13 203 48 84 318 49 40 108 50 94 310 51 14 211 52 84 196 53 96 291 54 87 214 55 78 382 56 67 213 57 2 488 58 15 398 59 92 255 60 19 426 61 33 121 62 24 413 63 31 47 64 7 208 65 18 123 66 87 101 67 49 284 68 76 323 69 38 246
63
 1 68 128 2 95 428 3 30 256 4 72 445 5 89 485 6 4 498 7 83 110 8 34 69 9 1 482 10 89 494 11 12 276 12 63 91 13 40 149 14 25 287 15 77 338 16 66 440 17 68 445 18 2 161 19 59 451 20 36 126 21 76 448 22 59 93 23 62 59 24 42 493 25 40 315 26 92 31 27 74 204 28 53 55 29 94 67 30 5 430 31 70 371 32 17 372 33 85 91 34 42 371 35 97 344 36 45 330 37 23 473 38 32 204 39 49 438 40 53 426 41 10 389 42 94 345 43 53 284 44 3 447 45 78 447 46 19 109 47 33 100 48 91 488 49 59 70 50 15 85 51 16 208 52 81 60 53 16 339 54 29 65 55 44 165 56 7 383 57 80 154 58 90 353 59 0 333 60 33 494 61 3 30 62 83 304 63 92 436
26
 1 3 6 2 73 112 3 28 211 4 44 185 5 53 219 6 49 161 7 5 171 8 78 84 9 16 159 10 50 431 11 83 202 12 35 296 13 99 466 14 1 491 15 35 187 16 45 327 17 39 138 18 1 171 19 8 319 20 91 297 21 58 362 22 85 92 23 76 464 24 75 463 25 46 44 26 46 277
81
 1 81 73 2 24 499 3 0 424 4 59 11 5 9 128 6 19 197 7 50 432 8 40 91 9 82 47 10 6 354 11 39 74 12 50 322 13 97 54 14 52 294 15 93 427 16 0 186 17 85 326 18 51 325 19 88 338 20 18 310 21 60 97 22 29 237 23 28 110 24 10 22 25 76 310 26 36 16 27 90 468 28 22 486 29 33 339 30 66 175 31 61 26 32 52 267 33 44 398 34 36 455 35 66 132 36 82 54 37 44 126 38 88 111 39 33 324 40 87 98 41 66 362 42 30 223 43 62 156 44 96 204 45 31 195 46 73 114 47 33 92 48 43 277 49 33 177 50 10 431 51 86 351 52 29 392 53 55 482 54 6 269 55 68 341 56 55 293 57 17 186 58 95 385 59 89 79 60 26 191 61 57 321 62 65 51 63 80 391 64 68 460 65 92 265 66 16 230 67 74 230 68 12 297 69 67 330 70 23 18 71 64 287 72 73 78 73 63 33 74 64 168 75 11 404 76 77 90 77 93 369 78 12 195 79 55 173 80 39 180 81 63 47
7
 1 37 277 2 41 205 3 24 419 4 42 212 5 76 263 6 36 20 7 35 409
57
 1 92 225 2 15 320 3 89 169 4 16 160 5 33 153 6 86 372 7 71 124 8 84 449 9 38 401 10 42 441 11 65 458 12 0 454 13 82 328 14 16 273 15 60 443 16 68 173 17 94 52 18 74 335 19 95 35 20 41 290 21 14 181 22 5 227 23 76 286 24 87 41 25 82 214 26 24 281 27 36 47 28 27 277 29 50 418 30 62 144 31 69 362 32 67 382 33 18 15 34 3 341 35 83 65 36 46 444 37 71 350 38 36 404 39 45 199 40 65 175 41 56 428 42 27 290 43 67 44 44 15 55 45 51 469 46 31 29 47 11 72 48 88 98 49 91 129 50 47 343 51 87 275 52 25 293 53 49 310 54 9 113 55 88 495 56 23 126 57 16 96
2
 1 83 141 2 56 9
4
 1 37 60 2 33 136 3 34 248 4 30 73
26
 1 77 416 2 55 153 3 30 70 4 20 365 5 26 243 6 83 467 7 42 352 8 21 331 9 24 344 10 54 456 11 61 132 12 69 266 13 51 397 14 83 218 15 48 324 16 92 361 17 14 77 18 99 499 19 64 144 20 39 471 21 38 442 22 95 474 23 6 32 24 77 416 25 24 130 26 63 83
85
 1 84 349 2 53 382 3 18 302 4 2 129 5 22 79 6 46 179 7 79 221 8 38 90 9 82 150 10 41 380 11 27 156 12 14 473 13 2 295 14 20 297 15 12 285 16 87 357 17 92 496 18 99 440 19 69 310 20 89 253 21 33 143 22 17 335 23 78 464 24 66 155 25 87 312 26 20 259 27 33 267 28 14 135 29 84 435 30 73 434 31 44 196 32 92 412 33 52 236 34 46 343 35 97 273 36 17 287 37 75 382 38 46 134 39 41 253 40 17 164 41 24 380 42 47 237 43 24 9 44 96 62 45 48 8 46 4 369 47 81 492 48 28 397 49 92 485 50 59 126 51 14 189 52 71 28 53 62 389 54 94 269 55 86 155 56 35 411 57 0 210 58 71 183 59 97 225 60 33 367 61 89 297 62 90 290 63 87 222 64 8 370 65 49 131 66 21 319 67 47 263 68 4 244 69 66 9 70 64 350 71 13 152 72 14 51 73 34 113 74 90 285 75 52 183 76 81 424 77 14 241 78 64 123 79 45 253 80 84 24 81 43 194 82 9 57 83 2 190 84 51 313 85 15 20
67
 1 28 172 2 38 118 3 5 94 4 84 23 5 27 388 6 21 60 7 26 121 8 85 344 9 90 231 10 16 461 11 4 384 12 94 25 13 79 346 14 49 359 15 75 199 16 23 168 17 86 355 18 49 461 19 36 343 20 84 86 21 46 364 22 85 305 23 50 273 24 4 422 25 83 340 26 76 472 27 50 39 28 37 270 29 82 29 30 29 486 31 54 209 32 64 304 33 66 292 34 36 366 35 52 454 36 18 220 37 25 98 38 23 155 39 77 27 40 67 80 41 4 312 42 3 444 43 66 254 44 84 440 45 26 400 46 9 365 47 69 432 48 77 174 49 40 287 50 42 213 51 85 344 52 42 412 53 68 162 54 90 18 55 98 497 56 10 409 57 5 2 58 57 365 59 6 124 60 24 393 61 58 84 62 17 134 63 60 279 64 67 94 65 59 200 66 96 161 67 73 296
